# .PCD v0.7 - Point Cloud Data file format
VERSION 0.7
FIELDS x y z
SIZE 4 4 4
TYPE F F F
COUNT 1 1 1
WIDTH 2277
HEIGHT 1
VIEWPOINT 0 0 0 1 0 0 0
POINTS 2277
DATA ascii
-0.33515 -0.44243252 2.0067501
-0.3213875 -0.44107497 2.0053
-0.31874999 -0.44340667 2.0072334
-0.27031001 -0.44327497 2.0081999
-0.26510748 -0.44327497 2.0081999
-0.33199 -0.43548203 2.0058799
-0.32545164 -0.43546331 2.0057833
-0.37403822 -0.44392359 2.0193727
-0.36760002 -0.44391599 2.0187402
-0.3557744 -0.44346374 2.0167937
-0.34502286 -0.44323936 2.0127571
-0.33848 -0.44287249 2.0111001
-0.314542 -0.44341728 2.0167665
-0.30665305 -0.44426918 2.0196767
-0.29701999 -0.44690001 2.0199001
-0.28550002 -0.44375497 2.0199001
-0.27582461 -0.44320542 2.0133307
-0.26558751 -0.44094998 2.0118248
-0.37242332 -0.43607831 2.0199001
-0.36673716 -0.43522999 2.0199001
-0.35518962 -0.43508536 2.0185578
-0.34439281 -0.43541202 2.0151997
-0.33628249 -0.43453336 2.0135417
-0.32298082 -0.43407834 2.0130417
-0.31699374 -0.43625125 2.0178936
-0.30853999 -0.437475 2.0199001
-0.28305334 -0.43712667 2.0199001
-0.27577528 -0.43678635 2.0185211
-0.26543859 -0.43530259 2.0168593
-0.25507799 -0.4336547 2.01284
-0.36614001 -0.424905 2.0199001
-0.35428527 -0.42503121 2.019047
-0.34447157 -0.42506236 2.0156758
-0.33593935 -0.42484131 2.0146134
-0.32370955 -0.42524579 2.0165617
-0.31959999 -0.42952001 2.017
-0.26300749 -0.42792127 2.018075
-0.25493327 -0.42515743 2.0169668
-0.36614001 -0.41966999 2.0199001
-0.35386181 -0.41689274 2.0193727
-0.34481195 -0.41502243 2.0176957
-0.38224599 -0.44438601 2.02754
-0.37686285 -0.44335431 2.0228002
-0.36352497 -0.44440252 2.0228002
-0.30344859 -0.44335431 2.0228002
-0.29533216 -0.44437256 2.0234318
-0.28596628 -0.44448254 2.0231752
-0.38247001 -0.43623337 2.0287001
-0.3759279 -0.43464574 2.0239055
-0.36442429 -0.43421492 2.0228002
-0.31333497 -0.43346566 2.0228002
-0.304308 -0.43484098 2.0251803
-0.29545608 -0.43592688 2.0260351
-0.28554195 -0.43478662 2.024786
-0.27438 -0.43256712 2.0228002
-0.38036999 -0.42781666 2.0287001
-0.37453452 -0.42506203 2.0256302
-0.36410403 -0.424537 2.0231001
-0.32053 -0.42133 2.0228
-0.31493407 -0.42560723 2.0255048
-0.30610907 -0.42747641 2.0271091
-0.29727 -0.42991999 2.0287001
-0.28603598 -0.42937598 2.02812
-0.27523458 -0.42807186 2.026309
-0.26557431 -0.42410424 2.0253432
-0.2597 -0.42028001 2.0228
-0.37436599 -0.41738701 2.02812
-0.36499962 -0.41483951 2.0261462
-0.35589635 -0.41352546 2.0233457
-0.32160127 -0.41436499 2.0246749
-0.31865668 -0.41869998 2.0287001
-0.26303503 -0.41571751 2.0270083
-0.25523001 -0.41412348 2.0239949
-0.36564001 -0.40889001 2.0287001
-0.35532767 -0.40627766 2.0262232
-0.34490529 -0.40265879 2.025418
-0.32410854 -0.4049457 2.0255504
-0.25372201 -0.40804601 2.0287001
-0.38303 -0.43160501 2.0316999
-0.30085999 -0.43055001 2.0316999
-0.29348999 -0.43055001 2.0316999
-0.28400999 -0.43055001 2.0316999
-0.38251874 -0.42374876 2.0332
-0.31365499 -0.42127335 2.0327001
-0.30518857 -0.42435285 2.0344858
-0.29509285 -0.42706427 2.0344858
-0.28463668 -0.42613164 2.03495
-0.27526706 -0.42389348 2.0348763
-0.26925999 -0.42107001 2.0316999
-0.38246334 -0.41636503 2.0361998
-0.37619141 -0.41274929 2.0329859
-0.31688076 -0.41576385 2.0347002
-0.27110499 -0.417025 2.0376999
-0.26651999 -0.41323185 2.0341547
-0.37588003 -0.40660998 2.0362
-0.36505213 -0.40585929 2.0347002
-0.35645664 -0.40308666 2.0337
-0.32096377 -0.40360373 2.0339501
-0.319235 -0.40902501 2.0346999
-0.262638 -0.40820998 2.0359001
-0.25509208 -0.40416366 2.0345423
-0.37992999 -0.39800999 2.0376999
-0.35281667 -0.39902329 2.0357001
-0.34508374 -0.39676124 2.0347002
-0.33611783 -0.39531142 2.0347002
-0.32400462 -0.3946023 2.0335462
-0.25138 -0.3977125 2.0361998
-0.24803001 -0.39689252 2.0346999
-0.30340302 -0.42224997 2.0445499
-0.29458618 -0.42335767 2.0455077
-0.28601998 -0.42321005 2.04302
-0.38463399 -0.412496 2.0424199
-0.31476066 -0.41524532 2.0462666
-0.30849749 -0.41742626 2.047425
-0.28169623 -0.41636249 2.047425
-0.27537245 -0.41587299 2.0449996
-0.38409287 -0.4061757 2.0453715
-0.37549865 -0.40323269 2.0434198
-0.36591333 -0.40193558 2.0432887
-0.35852998 -0.401005 2.0421
-0.32029501 -0.40112001 2.0482001
-0.319175 -0.40621251 2.0443749
-0.27164 -0.40886 2.0497
-0.26589447 -0.40428388 2.0444777
-0.25880998 -0.40176499 2.0406001
-0.38197199 -0.39567402 2.04637
-0.37405333 -0.39770666 2.0479414
-0.36515999 -0.39867333 2.0483665
-0.35424358 -0.39558646 2.0462356
-0.34445417 -0.39275584 2.0423667
-0.33841002 -0.39147002 2.0421
-0.32082123 -0.39515626 2.044775
-0.26513499 -0.39715999 2.0476248
-0.25544539 -0.39555925 2.044323
-0.24836333 -0.39442667 2.0446334
-0.38216999 -0.38866502 2.0497
-0.34510785 -0.38615999 2.0468855
-0.33672699 -0.38606599 2.0460601
-0.32095996 -0.38578334 2.04565
-0.32483763 -0.37403059 2.0445235
-0.30291 -0.4201 2.0527
-0.29589 -0.42088574 2.0535572
-0.28779665 -0.42101666 2.0537002
-0.31387776 -0.41115111 2.0540335
-0.30458093 -0.41460598 2.0561452
-0.29511201 -0.41609925 2.0581799
-0.28612003 -0.41404438 2.0563002
-0.27650502 -0.41083002 2.0542002
-0.38698998 -0.40307331 2.0527
-0.31527421 -0.40515637 2.0570211
-0.30822712 -0.40579286 2.0588
-0.28235623 -0.40518248 2.0580249
-0.27587813 -0.40507126 2.0574498
-0.38495773 -0.39419666 2.0557334
-0.37541357 -0.39288571 2.0550716
-0.3652316 -0.39412156 2.055095
-0.35636112 -0.39232224 2.0533667
-0.31564826 -0.39576122 2.0569763
-0.28246 -0.396795 2.0588
-0.27569413 -0.39641237 2.0584354
-0.26494601 -0.39316502 2.0554399
-0.25486797 -0.39254498 2.0566401
-0.249185 -0.39223498 2.05725
-0.38368431 -0.38548002 2.0561571
-0.37458542 -0.38677076 2.0583231
-0.36557275 -0.38694093 2.0585182
-0.35460052 -0.38497576 2.0571787
-0.3430675 -0.38296667 2.0552166
-0.33606663 -0.38197669 2.0537002
-0.32100001 -0.382855 2.0527
-0.31842095 -0.38465399 2.0566299
-0.27072001 -0.38931999 2.0588
-0.26857999 -0.388255 2.0588
-0.38387001 -0.37651667 2.0588
-0.35475367 -0.37476999 2.0588
-0.34508839 -0.37485561 2.0567119
-0.33765274 -0.37450638 2.0562818
-0.32183167 -0.37524831 2.0557334
-0.31744498 -0.37516999 2.05725
-0.35504499 -0.36690998 2.0588
-0.34600881 -0.36577532 2.0577059
-0.33730751 -0.36464122 2.0580373
-0.32526875 -0.36456624 2.0561128
-0.34863999 -0.35944 2.0588
-0.33306125 -0.35530624 2.0565
-0.32739779 -0.35582337 2.0557334
-0.30212 -0.41128001 2.0618
-0.29592198 -0.41170803 2.0618
-0.28836331 -0.41362333 2.0628333
-0.31602001 -0.40166 2.0618
-0.30422163 -0.40454048 2.0631776
-0.29479682 -0.40508437 2.062916
-0.287496 -0.40534896 2.0642798
-0.389 -0.39126003 2.06335
-0.31510285 -0.39478999 2.0618
-0.30524087 -0.3950268 2.0632086
-0.2950764 -0.3947612 2.0648997
-0.28690419 -0.39445505 2.0651584
-0.27590197 -0.39172801 2.0624199
-0.26470336 -0.39204001 2.0618
-0.38461068 -0.38465735 2.06428
-0.37488249 -0.38329378 2.0621874
-0.36450645 -0.38418147 2.0622427
-0.35878 -0.38135001 2.0618
-0.31394264 -0.38570204 2.0622132
-0.30571705 -0.38538253 2.0638664
-0.29553086 -0.38490093 2.067461
-0.28385746 -0.38515496 2.0650549
-0.27541572 -0.38540813 2.0650475
-0.26445258 -0.38552171 2.0627434
-0.25448912 -0.38590083 2.0642538
-0.24847201 -0.386314 2.0655198
-0.38274387 -0.37520695 2.0651383
-0.375146 -0.375269 2.0636597
-0.36547679 -0.37522441 2.0634115
-0.35592663 -0.37446111 2.0618
-0.32110199 -0.37537998 2.06428
-0.31361955 -0.37539285 2.0654905
-0.30554354 -0.37594643 2.0667238
-0.29515833 -0.37676835 2.0680001
-0.28507915 -0.37667418 2.0674837
-0.27399001 -0.378086 2.06738
-0.2651476 -0.37555641 2.0652719
-0.25446555 -0.37560281 2.06552
-0.24797001 -0.37549198 2.0648999
-0.3831293 -0.36504003 2.0663469
-0.37474561 -0.36457917 2.065304
-0.36520046 -0.36516762 2.0641618
-0.35564572 -0.3640171 2.0622427
-0.344666 -0.36339203 2.0618
-0.33954 -0.36210999 2.0618
-0.323006 -0.36489397 2.0655198
-0.31572637 -0.36678725 2.0663092
-0.30730999 -0.36962 2.0680001
-0.28907999 -0.36962 2.0680001
-0.26370001 -0.36908001 2.06738
-0.25372308 -0.36722457 2.0675232
-0.247785 -0.36558998 2.06335
-0.38410911 -0.35490093 2.0674365
-0.37465417 -0.35467586 2.0673544
-0.3647269 -0.35508844 2.0668583
-0.35514331 -0.35508254 2.0645123
-0.3440924 -0.35521483 2.0640316
-0.33626598 -0.35413998 2.0627298
-0.32714501 -0.355095 2.06459
-0.31909999 -0.35890001 2.0680001
-0.25048 -0.35675335 2.0680001
-0.24834 -0.35246 2.0680001
-0.37432 -0.34656501 2.0680001
-0.365848 -0.34645802 2.0680001
-0.35492194 -0.34580478 2.0672622
-0.34511048 -0.34598249 2.0670702
-0.33434266 -0.3452346 2.0640731
-0.3282522 -0.34515223 2.065589
-0.34697998 -0.3396 2.0680001
-0.33519077 -0.33572537 2.0675235
-0.32767999 -0.338525 2.0680001
-0.39045 -0.38198 2.0711
-0.29488 -0.38091001 2.0711
-0.28736001 -0.38520199 2.0711
-0.27447999 -0.38091001 2.0711
-0.390798 -0.374796 2.0729001
-0.38844502 -0.37352753 2.0718501
-0.32196999 -0.37151998 2.0725999
-0.30178428 -0.37201002 2.0711
-0.29539433 -0.3739306 2.0718501
-0.28463215 -0.37347504 2.072386
-0.27555645 -0.37358701 2.0725179
-0.39103001 -0.365345 2.0741
-0.38922799 -0.36459398 2.0759599
-0.32245001 -0.36777002 2.07565
-0.31439641 -0.36453214 2.0713143
-0.30473128 -0.3645474 2.0736001
-0.2955173 -0.36483666 2.0746336
-0.28599775 -0.36561501 2.0749834
-0.27518287 -0.3683486 2.0763144
-0.26533127 -0.36460125 2.0729878
-0.25625667 -0.36377168 2.0713501
-0.39150202 -0.35609001 2.07658
-0.38185999 -0.3540625 2.0711
-0.37755999 -0.35084 2.0711
-0.36682999 -0.351915 2.0711
-0.32343429 -0.35535854 2.0741286
-0.31548908 -0.3583546 2.0749547
-0.30655572 -0.35850573 2.0763144
-0.29179001 -0.35512143 2.0763144
-0.28843498 -0.35795251 2.0748749
-0.26502874 -0.35663691 2.0758438
-0.25556365 -0.35578051 2.0734844
-0.24871001 -0.35084 2.0711
-0.38390586 -0.34437883 2.0732293
-0.37525368 -0.34433314 2.0720472
-0.36482885 -0.34346554 2.0719333
-0.35501501 -0.34009999 2.0711
-0.34355834 -0.3415333 2.0711
-0.33547202 -0.34267998 2.0711
-0.32631403 -0.344704 2.0729001
-0.29038 -0.34974 2.0771999
-0.2516 -0.34865999 2.0771999
-0.24908 -0.34813499 2.0741
-0.38316831 -0.33736333 2.0761669
-0.37373102 -0.33617896 2.0759602
-0.36518937 -0.33625939 2.0754626
-0.35551706 -0.3347123 2.0728707
-0.345451 -0.33483505 2.0716999
-0.33357301 -0.334555 2.0726001
-0.3273775 -0.33421999 2.0745125
-0.35392603 -0.32742664 2.0759602
-0.34454563 -0.32664749 2.0750751
-0.32792222 -0.32529223 2.0754778
-0.32333335 -0.36338332 2.0814333
-0.29728001 -0.36105001 2.0804
-0.2833811 -0.36272442 2.0804002
-0.27504069 -0.36432132 2.0818467
-0.39060163 -0.35402834 2.0814333
-0.32392555 -0.35396332 2.0852222
-0.31474611 -0.35363165 2.0833275
-0.3046923 -0.35392705 2.0833178
-0.29715067 -0.35492602 2.0824668
-0.28453746 -0.3546342 2.0818207
-0.27545366 -0.3556416 2.0852947
-0.26512301 -0.35160002 2.0819502
-0.2569325 -0.35093001 2.0811749
-0.39220124 -0.34530252 2.0846627
-0.32379091 -0.34545636 2.0868819
-0.31487748 -0.34966999 2.0897
-0.30497333 -0.34913662 2.0886667
-0.29354921 -0.34549001 2.0856462
-0.28517166 -0.34637499 2.0872886
-0.27584857 -0.34790143 2.0883715
-0.26489726 -0.34712911 2.0863183
-0.25578108 -0.3471067 2.0859113
-0.38533211 -0.3342464 2.0823929
-0.37657166 -0.33334664 2.0814335
-0.36570001 -0.33176571 2.0804002
-0.32554001 -0.33610502 2.0840166
-0.38441649 -0.32766429 2.0866001
-0.37459266 -0.32661134 2.0863931
-0.36502528 -0.32603464 2.0853236
-0.35557181 -0.32260817 2.0829365
-0.34676126 -0.32152501 2.0811751
-0.32582 -0.32486001 2.0834999
-0.35396925 -0.31668848 2.0887463
-0.34555587 -0.31538832 2.0863416
-0.32725558 -0.31477776 2.0835001
-0.34196001 -0.29982999 2.0897
-0.32512 -0.3502 2.0929
-0.27375337 -0.35092333 2.0929
-0.39298666 -0.34202996 2.0960333
-0.32246715 -0.34507719 2.0937858
-0.31455547 -0.3443082 2.0954547
-0.3052884 -0.34435105 2.0955367
-0.29613799 -0.34387398 2.0966601
-0.28481832 -0.34177503 2.0944669
-0.27540943 -0.34401 2.0964
-0.26508856 -0.34299996 2.0962572
-0.25565889 -0.34287113 2.0967336
-0.39479247 -0.3358925 2.0984001
-0.32331353 -0.33523932 2.0962641
-0.31640586 -0.33593583 2.0986667
-0.29420373 -0.33672497 2.0968125
-0.28500399 -0.338211 2.0979199
-0.27996001 -0.33985999 2.096
-0.26949999 -0.3382 2.0992
-0.39051497 -0.32331499 2.09445
-0.38523248 -0.32235003 2.0952332
-0.37559083 -0.32176754 2.0949752
-0.36690569 -0.32185 2.0960286
-0.32333532 -0.32454669 2.0953867
-0.31552786 -0.32591358 2.0991998
-0.39140001 -0.31751502 2.0992
-0.38538125 -0.3153075 2.0989997
-0.37664899 -0.31693596 2.0982401
-0.36219668 -0.3155711 2.0967224
-0.35525888 -0.31354335 2.0929
-0.34754333 -0.31185332 2.0929
-0.32370555 -0.31573111 2.0977888
-0.31522 -0.3186 2.0992
-0.38051999 -0.30881 2.0992
-0.36147499 -0.308265 2.0992
-0.35517001 -0.30585527 2.0969586
-0.34700626 -0.30583751 2.0956373
-0.32844749 -0.3057425 2.0967999
-0.35729668 -0.29828668 2.0992
-0.34353164 -0.29653832 2.0970833
-0.33525085 -0.2946125 2.0962996
-0.30115667 -0.34161663 2.1024001
-0.27440998 -0.34324002 2.1034667
-0.26205 -0.34178665 2.1034667
-0.25792 -0.34088999 2.1024001
-0.39418 -0.33217001 2.1024001
-0.32005 -0.33434999 2.1024001
-0.31257573 -0.3355957 2.1024001
-0.30510241 -0.334692 2.1045761
-0.29493845 -0.33410308 2.1051078
-0.2852447 -0.33345008 2.104847
-0.27505261 -0.33533889 2.1057684
-0.26563334 -0.33563721 2.1059556
-0.255036 -0.33550796 2.1055996
-0.24836333 -0.33250332 2.1045334
-0.39585635 -0.32543361 2.1050184
-0.32005 -0.32508501 2.1024001
-0.31207556 -0.32371888 2.1041777
-0.30609113 -0.3250311 2.1071999
-0.29579732 -0.32570133 2.1066666
-0.28697285 -0.32661572 2.1087999
-0.24654751 -0.32474747 2.1061332
-0.39500749 -0.31433582 2.1058667
-0.38720399 -0.31080598 2.1024001
-0.37413388 -0.3135711 2.1027555
-0.36710337 -0.3142978 2.1027555
-0.32371184 -0.31401452 2.1056001
-0.31513053 -0.31549942 2.1059556
-0.30790001 -0.31786999 2.1087999
-0.29587501 -0.31786999 2.1087999
-0.2453157 -0.31482568 2.1051431
-0.39285553 -0.30667555 2.1070223
-0.38473204 -0.30395645 2.1056004
-0.37473041 -0.30486456 2.1061816
-0.36548713 -0.30483714 2.1040001
-0.35320339 -0.30317834 2.1029332
-0.34839001 -0.30273998 2.1024001
-0.32585999 -0.30476359 2.1067426
-0.3161025 -0.30748251 2.1087999
-0.24536002 -0.306218 2.1068802
-0.38319999 -0.29807499 2.108
-0.37519187 -0.29671365 2.1082182
-0.36509633 -0.29575896 2.1054313
-0.35485274 -0.29487544 2.104291
-0.34642413 -0.293805 2.1048002
-0.33338249 -0.29342252 2.1040001
-0.32977 -0.29819 2.1087999
-0.24011999 -0.29163 2.1087999
-0.36293331 -0.28871003 2.1087999
-0.35562286 -0.28781432 2.1083429
-0.3440657 -0.28812858 2.1083429
-0.33713859 -0.28781715 2.1060572
-0.27617249 -0.332165 2.1128001
-0.26238 -0.33203751 2.112
-0.25580999 -0.33149001 2.112
-0.30195335 -0.32289335 2.1130667
-0.29344091 -0.32454637 2.1134543
-0.28357762 -0.32413763 2.1144469
-0.27498478 -0.32548097 2.1142857
-0.26477879 -0.32517719 2.1136639
-0.25483197 -0.32506752 2.1129599
-0.24498333 -0.32289335 2.1130667
-0.32150999 -0.31178001 2.112
-0.31144667 -0.31303331 2.1130667
-0.30405042 -0.31442741 2.115061
-0.29482862 -0.31417602 2.1143465
-0.28704 -0.31577843 2.1161847
-0.27469799 -0.31566301 2.1174402
-0.26515162 -0.3146612 2.1166081
-0.255142 -0.31449747 2.11552
-0.24504501 -0.3153075 2.1136
-0.39599273 -0.30358636 2.1131635
-0.32397449 -0.30425 2.1137776
-0.31504452 -0.30465195 2.11344
-0.30688769 -0.30507234 2.1156924
-0.29590583 -0.30481169 2.1168001
-0.28942999 -0.3049275 2.1176
-0.26610833 -0.30797336 2.1184003
-0.25433001 -0.30716333 2.1178668
-0.24621698 -0.303783 2.1142399
-0.39514765 -0.29527995 2.1165178
-0.38544181 -0.29400548 2.1137455
-0.37421247 -0.29218 2.1127999
-0.36969 -0.29207 2.112
-0.33111 -0.293304 2.1145599
-0.32480499 -0.2948665 2.1163201
-0.31564754 -0.29601198 2.1174405
-0.30794799 -0.29599297 2.1180804
-0.29668251 -0.2990025 2.1184001
-0.24640498 -0.296552 2.1158402
-0.39168832 -0.28637168 2.1184003
-0.38476104 -0.286502 2.1177602
-0.37512362 -0.28547406 2.1162183
-0.36505863 -0.28447598 2.1130664
-0.35482788 -0.28390214 2.1129141
-0.34617564 -0.28426564 2.1129997
-0.33509132 -0.28485399 2.1147733
-0.32469001 -0.28668427 2.1184003
-0.240702 -0.28575999 2.11392
-0.39059001 -0.27978 2.1184001
-0.37520999 -0.27978 2.1184001
-0.36497894 -0.27539739 2.1167161
-0.35507566 -0.27510157 2.1162243
-0.34524208 -0.27513593 2.1164804
-0.33648649 -0.27515653 2.1166403
-0.24158143 -0.27414712 2.1161144
-0.23864999 -0.27278 2.1152
-0.36367875 -0.26632625 2.1184003
-0.35544395 -0.26440394 2.1184003
-0.34503505 -0.26408589 2.1182549
-0.3363356 -0.26510125 2.1174002
-0.35538948 -0.25447947 2.1180804
-0.34443349 -0.25449848 2.1182404
-0.29218 -0.31321001 2.1215999
-0.28334168 -0.31428665 2.1227
-0.27629 -0.314722 2.12292
-0.302127 -0.30445597 2.1219299
-0.29253998 -0.30478001 2.1242399
-0.2858341 -0.30547649 2.1254411
-0.27522552 -0.30521557 2.1246889
-0.26480752 -0.30345374 2.1226311
-0.2565214 -0.30319282 2.1230142
-0.24597999 -0.30001 2.1215999
-0.39998999 -0.29341 2.1215999
-0.32738 -0.29231 2.1215999
-0.31418002 -0.29121 2.1215999
-0.30380461 -0.29453152 2.1236229
-0.29482707 -0.29502118 2.1239059
-0.28646001 -0.29872 2.1280999
-0.270805 -0.29518253 2.1265001
-0.26612666 -0.29602998 2.1272998
-0.25501615 -0.29576075 2.1263614
-0.24651143 -0.29366571 2.1234713
-0.40059999 -0.28394252 2.1249001
-0.39619002 -0.28438786 2.1223071
-0.38544366 -0.28204906 2.1218996
-0.37432334 -0.28020999 2.1215999
-0.33177999 -0.28351 2.1215999
-0.32526338 -0.28370386 2.1221497
-0.31528002 -0.28461 2.1215999
-0.30615431 -0.28515095 2.1240907
-0.29772818 -0.28652361 2.1269362
-0.27101001 -0.28547999 2.1280999
-0.26660001 -0.28492749 2.1280999
-0.25150999 -0.28548285 2.1258142
-0.24643598 -0.28513134 2.1255336
-0.40121001 -0.27444601 2.1280999
-0.39522669 -0.27460834 2.1255889
-0.38482553 -0.27487653 2.12292
-0.37476003 -0.27476192 2.1220121
-0.36699 -0.27140999 2.1215999
-0.33177999 -0.27471 2.1215999
-0.32538 -0.27487701 2.1229203
-0.31504557 -0.27478945 2.1241672
-0.30626282 -0.27537501 2.1255569
-0.29969999 -0.27665332 2.1280999
-0.27101001 -0.27444598 2.1280999
-0.26501998 -0.27224001 2.1280997
-0.25241002 -0.2737211 2.1263111
-0.24668601 -0.27544501 2.1238999
-0.39267334 -0.26621887 2.1270335
-0.38444003 -0.26675823 2.1258354
-0.3753539 -0.26576889 2.1254225
-0.36708334 -0.26359335 2.1221497
-0.33266872 -0.26348501 2.1220124
-0.32549497 -0.2653971 2.124867
-0.31490794 -0.26544872 2.1253004
-0.30783376 -0.26388752 2.1252875
-0.270805 -0.26431501 2.1265001
-0.2651343 -0.26431641 2.1264927
-0.25481203 -0.2643055 2.1255305
-0.246792 -0.266294 2.12292
-0.37252599 -0.25502801 2.1280999
-0.36555308 -0.25556231 2.1221075
-0.33436713 -0.25732285 2.1220715
-0.32569331 -0.25571069 2.1239998
-0.3157143 -0.25748998 2.1234858
-0.30476999 -0.25723284 2.1239429
-0.295358 -0.25474301 2.1239002
-0.28565001 -0.256035 2.1248667
-0.27983999 -0.25459 2.1280999
-0.26569125 -0.25534624 2.1252749
-0.25352889 -0.25696003 2.1234224
-0.24856001 -0.25529501 2.1248498
-0.37142 -0.24244499 2.1280999
-0.28358501 -0.302495 2.1314001
-0.27686834 -0.30280164 2.1336
-0.29264998 -0.29166499 2.13305
-0.28541905 -0.29571903 2.135329
-0.2754443 -0.29628855 2.1356428
-0.26325297 -0.29232898 2.1314003
-0.25728199 -0.292108 2.1314001
-0.30458 -0.28481498 2.1314001
-0.29427168 -0.28444168 2.1341503
-0.27447999 -0.2868 2.138
-0.26443353 -0.28503585 2.1315947
-0.25615457 -0.28491548 2.1314003
-0.39962 -0.27045 2.1314001
-0.30321109 -0.27348888 2.1321335
-0.29495049 -0.27516299 2.1337104
-0.27447999 -0.27127999 2.138
-0.26459891 -0.27577668 2.1317673
-0.25683904 -0.27575403 2.1314003
-0.40158287 -0.26491144 2.1351714
-0.39622697 -0.26295298 2.1333802
-0.38692003 -0.26257402 2.1320601
-0.37641001 -0.26161 2.1314001
-0.30323356 -0.26544502 2.1330504
-0.29517123 -0.26540813 2.135319
-0.28778249 -0.26410002 2.1359377
-0.27422801 -0.264384 2.1360202
-0.26479998 -0.26602998 2.1314001
-0.39263749 -0.25878751 2.1355252
-0.38398111 -0.25662553 2.1359837
-0.37562385 -0.25462538 2.1341925
-0.301265 -0.25940001 2.1314001
-0.29486001 -0.25959501 2.13305
-0.28733501 -0.25979 2.1347001
-0.27288499 -0.25641 2.1341503
-0.26935667 -0.25658 2.1324999
-0.38199997 -0.24393666 2.1380002
-0.37532851 -0.24597462 2.1344464
-0.38205856 -0.23396857 2.1356428
-0.37766501 -0.23627751 2.132225
-0.38775998 -0.228625 2.13305
-0.28288752 -0.29135001 2.1429501
-0.27831715 -0.29479143 2.1431859
-0.29062 -0.28519601 2.1426201
-0.28494498 -0.28567997 2.1454999
-0.27680999 -0.28509 2.1445999
-0.29043999 -0.27502999 2.1413
-0.28575999 -0.27521938 2.146347
-0.27566999 -0.27468249 2.1429501
-0.40257001 -0.2606 2.1413
-0.29043999 -0.26947999 2.1413
-0.28417102 -0.26538599 2.14592
-0.27769336 -0.26558337 2.1457
-0.40310749 -0.25795999 2.1470752
-0.39423367 -0.25542819 2.1436999
-0.38761202 -0.252386 2.14328
-0.28214332 -0.25667667 2.1457
-0.27532998 -0.25358498 2.1446002
-0.38399836 -0.24709332 2.1429501
-0.38681501 -0.2356025 2.1462502
-0.28064001 -0.28299499 2.1512001
-0.27840999 -0.28187999 2.1512001
-0.28127715 -0.27423429 2.1512001
-0.27840999 -0.27630502 2.1512001
-0.2807475 -0.265255 2.152025
-0.27840999 -0.26181 2.1512001
-0.40335125 -0.25425875 2.1557875
-0.39647165 -0.25226665 2.1523001
-0.28078333 -0.25747666 2.1523001
-0.27618 -0.25622499 2.1512001
-0.39304569 -0.24641714 2.155957
-0.38826749 -0.24507499 2.1512001
-0.39258 -0.236444 2.1558599
-0.388825 -0.23727 2.1512001
-0.40624249 -0.25211251 2.1637499
-0.40397453 -0.24680544 2.1655271
-0.39673272 -0.24404998 2.1627452
-0.39666 -0.23862 2.1634667
-0.40818 -0.24456166 2.1731
-0.093578003 -0.50158 2.267
-0.092161663 -0.50082666 2.2707
-0.092573248 -0.49425626 2.2711627
-0.092706747 -0.48552752 2.274425
-0.091600999 -0.478845 2.2763
-0.11112 -0.50652999 2.2894001
-0.10447221 -0.50441003 2.2881668
-0.097878166 -0.50319332 2.2850332
-0.096717998 -0.49503499 2.2857001
-0.09592966 -0.48595333 2.2856667
-0.092957005 -0.47646999 2.2864201
-0.14222001 -0.50737 2.2932
-0.12458667 -0.50453734 2.29548
-0.11518535 -0.50389403 2.2947199
-0.10628714 -0.50194865 2.2948284
-0.099414997 -0.50024003 2.2932
-0.11268 -0.49868 2.2969999
-0.10368001 -0.4948689 2.2940443
-0.099414997 -0.49428999 2.2932
-0.10315 -0.48914999 2.2969999
-0.097938336 -0.48650333 2.2957332
-0.093918659 -0.47434005 2.2944667
-0.092357501 -0.46851999 2.2951
-0.13838001 -0.51073998 2.3083999
-0.14054 -0.50510997 2.3046
-0.13437736 -0.50485945 2.3046
-0.1236 -0.50189 2.3008001
-0.13119 -0.49877 2.3083999
-0.12496439 -0.49659431 2.3038874
-0.11564667 -0.49474996 2.3033333
-0.10800222 -0.49438557 2.3016443
-0.11444 -0.4892 2.3083999
-0.10442428 -0.48736718 2.3062286
-0.098633498 -0.48440251 2.3027
-0.095928334 -0.47484669 2.3046
-0.094175205 -0.4664 2.3046002
-0.13493428 -0.49824142 2.3139286
-0.1254725 -0.49261498 2.3132498
-0.11635667 -0.49055663 2.3148334
-0.11482 -0.48842999 2.3160999
-0.103125 -0.48442164 2.3141999
-0.097926497 -0.47722 2.3141999
-0.095605999 -0.46320999 2.3160999
-0.13592599 -0.49728799 2.3239
-0.12486875 -0.49136752 2.3243876
-0.11761 -0.49006 2.3239
-0.12022 -0.48846999 2.3278
-0.11314375 -0.48785248 2.3248751
-0.10586751 -0.48343247 2.3239002
-0.10259364 -0.47581366 2.3260274
-0.098281004 -0.47292671 2.3226001
-0.097588658 -0.46542335 2.3252001
-0.096032672 -0.45683002 2.3264999
-0.14178 -0.49631667 2.3381999
-0.134655 -0.493898 2.3352098
-0.13260692 -0.48470539 2.3364999
-0.12426062 -0.48586881 2.3355999
-0.11467786 -0.48324212 2.3342071
-0.10843 -0.48122501 2.3336501
-0.13539 -0.4788 2.3395
-0.11355364 -0.47593638 2.3395002
-0.10748286 -0.47384712 2.3355999
-0.14267001 -0.46182001 2.3395
-0.13054 -0.46182001 2.3395
-0.12083 -0.46182001 2.3395
-0.11443727 -0.46424732 2.3395002
-0.10461946 -0.4653511 2.3356001
-0.09866599 -0.46269 2.3317001
-0.14267001 -0.45818502 2.3395
-0.13054 -0.45818502 2.3395
-0.12083 -0.4594 2.3395
-0.11554001 -0.45697096 2.3395002
-0.10474308 -0.45623082 2.3386002
-0.098052502 -0.45431003 2.3362501
-0.11841 -0.44969001 2.3395
-0.095945127 -0.44686878 2.3390126
-0.094145991 -0.43271002 2.3395
-0.094145998 -0.42422003 2.3395
-0.094145998 -0.41694 2.3395
-0.141498 -0.492412 2.34428
-0.13810751 -0.49318248 2.3444748
-0.14217834 -0.48595834 2.3448
-0.13828 -0.48529002 2.3474
-0.1259525 -0.48163497 2.344475
-0.14461 -0.47420335 2.3448
-0.13307917 -0.4754875 2.345125
-0.12489001 -0.47526768 2.3460236
-0.11763801 -0.474264 2.3434999
-0.14144333 -0.46514836 2.3460999
-0.13478 -0.46512374 2.3447187
-0.12501065 -0.46485934 2.3450601
-0.115694 -0.46891803 2.3434999
-0.14071 -0.45851001 2.3474
-0.13431583 -0.45488414 2.3454502
-0.12478875 -0.45447809 2.3454499
-0.11344625 -0.45257622 2.3434999
-0.10575999 -0.45183852 2.3434999
-0.131466 -0.445856 2.3474
-0.1248775 -0.44507751 2.3471563
-0.1150575 -0.44474879 2.3454499
-0.10531626 -0.44470131 2.3452063
-0.096754372 -0.44294879 2.3439875
-0.14291 -0.43101001 2.3434999
-0.13192715 -0.43455285 2.3457284
-0.12488999 -0.43539006 2.3474002
-0.11504564 -0.43497694 2.3452063
-0.10529375 -0.43488571 2.3447187
-0.095800079 -0.43493542 2.3434999
-0.087972321 -0.43336165 2.3474
-0.13202143 -0.42582574 2.3474
-0.12489 -0.42565241 2.3474002
-0.115155 -0.42565244 2.3474002
-0.105395 -0.4255631 2.3469129
-0.095966421 -0.42511415 2.344475
-0.087160997 -0.42930001 2.3474
-0.132195 -0.41957 2.3474
-0.12489 -0.41957 2.3474
-0.11454625 -0.41804624 2.3474
-0.10476231 -0.41657078 2.3474002
-0.096590891 -0.415878 2.34584
-0.13574454 -0.40398824 2.3456273
-0.094384499 -0.40827 2.3454499
-0.13319001 -0.39941999 2.3434999
-0.14176333 -0.48204336 2.3513999
-0.13851 -0.48122999 2.3513999
-0.14206429 -0.47589424 2.3525429
-0.13857 -0.47534248 2.3523998
-0.12632 -0.47635999 2.3513999
-0.14094999 -0.45440999 2.3513999
-0.13688667 -0.45278335 2.3513999
-0.141094 -0.44511002 2.3538001
-0.13655846 -0.44500616 2.3532462
-0.089746997 -0.44222 2.3513999
-0.14119001 -0.43442249 2.3554001
-0.13709778 -0.43501776 2.3549557
-0.089746997 -0.43490499 2.3513999
-0.14143001 -0.42904001 2.3594
-0.13752 -0.42603999 2.3582571
-0.088528 -0.42759001 2.3513999
-0.14143001 -0.41192001 2.3594
-0.13404301 -0.41418201 2.3542001
-0.125195 -0.41448629 2.3531499
-0.11575667 -0.41316333 2.3514001
-0.10681571 -0.41191432 2.3514001
-0.098687328 -0.41133332 2.3513999
-0.14101 -0.40460253 2.3523998
-0.132438 -0.40598202 2.3562
-0.12505643 -0.40593007 2.3571146
-0.11558188 -0.40523946 2.3561499
-0.10552 -0.40531006 2.3551335
-0.09724544 -0.4055956 2.3558445
-0.14143001 -0.39967999 2.3594
-0.13615334 -0.39855668 2.3527334
-0.11696 -0.39967999 2.3594
-0.10473 -0.39906999 2.3594
-0.094944999 -0.39967999 2.3594
-0.14173 -0.423825 2.3643999
-0.13677 -0.42364502 2.3634
-0.14179 -0.41665 2.3653998
-0.13775 -0.41801 2.3634
-0.13209 -0.40105 2.3673999
-0.12603 -0.40147799 2.3641999
-0.11552667 -0.40035999 2.3634
-0.10491 -0.40158498 2.3634
-0.097557001 -0.40158498 2.3634
-0.14191 -0.39614001 2.3673999
-0.13722001 -0.39644998 2.3651142
-0.1235 -0.39859 2.3673999
-0.116085 -0.39841998 2.3664
-0.10502125 -0.39680254 2.3658998
-0.096032329 -0.39754668 2.3660667
-0.075629003 -0.34213001 2.3673999
-0.075629003 -0.33844501 2.3673999
-0.13277 -0.40064001 2.3796
-0.12885 -0.40118501 2.37555
-0.14248 -0.39607334 2.3768666
-0.137026 -0.393684 2.3763402
-0.12268999 -0.39748999 2.3755
-0.11406625 -0.39625627 2.3755374
-0.10460667 -0.39330781 2.3750777
-0.096825831 -0.39379334 2.3755333
-0.10563 -0.38706499 2.3796
-0.095757999 -0.38706499 2.3796
-0.094245397 -0.37287599 2.3787799
-0.094484255 -0.36470377 2.3785751
-0.094523996 -0.35868999 2.3796
-0.078484997 -0.342655 2.3796
-0.13053 -0.40132999 2.3836999
-0.14177001 -0.39177501 2.3857498
-0.13435 -0.39548498 2.3857498
-0.12440249 -0.3971675 2.3847251
-0.11452667 -0.39330998 2.3850667
-0.10174999 -0.39248666 2.3850665
-0.098393999 -0.39144 2.3836999
-0.14066 -0.38716 2.3878
-0.13652666 -0.38798666 2.3878
-0.10410819 -0.38595819 2.3859363
-0.097626328 -0.384655 2.3850667
-0.10373819 -0.37567997 2.3878
-0.097029708 -0.37679431 2.3848712
-0.098520756 -0.365955 2.386775
-0.09418983 -0.35502413 2.3867748
-0.084944993 -0.35187748 2.3878
-0.093611002 -0.34692252 2.3878
-0.082881667 -0.34671667 2.3878
-0.078687504 -0.33858499 2.3857498
-0.14226 -0.390645 2.39395
-0.1341925 -0.39560997 2.39395
-0.124409 -0.39418501 2.3943601
-0.11485001 -0.39113665 2.3919001
-0.14226 -0.38691998 2.39395
-0.1373 -0.38567999 2.39395
-0.122505 -0.38848999 2.3959999
-0.11489539 -0.38542458 2.3947382
-0.10571201 -0.38250399 2.39272
-0.1049775 -0.37248498 2.392925
-0.10379834 -0.36462668 2.3942916
-0.088964999 -0.36116001 2.3959999
-0.10238199 -0.35669401 2.3959999
-0.096280999 -0.35361502 2.3925834
-0.088964999 -0.35495499 2.3959999
-0.095215462 -0.34395453 2.3941362
-0.085019819 -0.34424451 2.3930182
-0.094761997 -0.33797336 2.3959999
-0.083995335 -0.33880004 2.3959999
-0.078958005 -0.33478498 2.39395
-0.13252501 -0.39368999 2.405
-0.12825666 -0.39293668 2.4029
-0.14345334 -0.38613001 2.4071
-0.13536112 -0.38514888 2.4061668
-0.12542 -0.38550618 2.4023619
-0.11566667 -0.38170001 2.4001
-0.12407583 -0.37624252 2.4064002
-0.11550167 -0.37514219 2.4024336
-0.1091725 -0.3734675 2.40325
-0.12314 -0.36429 2.4085
-0.11541221 -0.36466724 2.4064002
-0.10941 -0.36429 2.4085
-0.12189 -0.35430002 2.4085
-0.11562374 -0.35422257 2.4079752
-0.10567625 -0.35486251 2.401675
-0.12189 -0.34806001 2.4085
-0.11593846 -0.34479311 2.4085002
-0.10438153 -0.34558997 2.403331
-0.099073999 -0.34187999 2.4001
-0.089117996 -0.34312499 2.4001
-0.1164 -0.33707002 2.4085
-0.10343728 -0.33558455 2.4069729
-0.095767699 -0.33483574 2.4019001
-0.085294396 -0.33453 2.4045801
-0.079163 -0.33192 2.4001
-0.14428668 -0.32539335 2.4071
-0.094591208 -0.32551536 2.4043002
-0.084931806 -0.32708001 2.4085
-0.079231501 -0.32846999 2.4022
-0.094047815 -0.31509361 2.4046819
-0.093052007 -0.30533001 2.4006999
-0.089427002 -0.30309999 2.4085
-0.092964403 -0.294945 2.4030402
-0.092949726 -0.28476572 2.4072998
-0.14349499 -0.38277 2.4147
-0.13507001 -0.38296667 2.4132998
-0.12961 -0.38244 2.4126
-0.13474999 -0.37530831 2.4150498
-0.12760334 -0.37431502 2.4139998
-0.13485 -0.36681333 2.4168
-0.126855 -0.36445627 2.4136498
-0.13485 -0.35804 2.4168
-0.12665601 -0.355542 2.4134398
-0.1096 -0.35366666 2.4126
-0.12489729 -0.34473363 2.4137452
-0.1146 -0.34282669 2.4126
-0.1096 -0.34490997 2.4126
-0.14474499 -0.3351925 2.4147
-0.13736001 -0.33548498 2.4168
-0.12598437 -0.33522749 2.4149625
-0.1155282 -0.33370274 2.4129815
-0.10863715 -0.33469862 2.4149997
-0.089582004 -0.33239999 2.4126
-0.13711999 -0.32489499 2.4126
-0.12232 -0.32796499 2.4168
-0.11499166 -0.32603917 2.4164498
-0.10465333 -0.32508332 2.4139998
-0.099590003 -0.32364333 2.4126
-0.089582004 -0.32489499 2.4126
-0.13730001 -0.31529748 2.41575
-0.10394167 -0.31752166 2.4167998
-0.099193409 -0.314464 2.4151199
-0.089236811 -0.31468397 2.4168
-0.13736001 -0.30917001 2.4168
-0.098234423 -0.3056443 2.4143999
-0.088994503 -0.306265 2.41365
-0.097172499 -0.29512751 2.4147
-0.096722804 -0.28450999 2.4159598
-0.093416251 -0.27509499 2.4146998
-0.14538001 -0.38067001 2.4252999
-0.142336 -0.37682399 2.4248402
-0.13006 -0.37246999 2.421
-0.14185001 -0.36370003 2.4295003
-0.1341673 -0.36630908 2.4209998
-0.14310999 -0.35782 2.4295001
-0.13418613 -0.35508844 2.4223154
-0.14298666 -0.3428233 2.4273832
-0.13403465 -0.34618405 2.42328
-0.1416675 -0.33428499 2.4263499
-0.13388249 -0.33621123 2.422075
-0.14172876 -0.32436377 2.4274001
-0.13264734 -0.32495663 2.4224331
-0.12422999 -0.32422945 2.4225118
-0.11751 -0.32225999 2.421
-0.10998 -0.32602501 2.421
-0.141094 -0.314318 2.4295001
-0.133985 -0.31551498 2.4295003
-0.12404001 -0.31727001 2.4295003
-0.1141521 -0.31503892 2.4255004
-0.10657624 -0.31423751 2.422075
-0.13759001 -0.30720001 2.421
-0.11287999 -0.30700999 2.4295003
-0.10507385 -0.30501232 2.4236386
-0.099936999 -0.30217999 2.421
-0.1049777 -0.29446384 2.425931
-0.099936999 -0.29590249 2.421
-0.10293727 -0.28372273 2.4272096
-0.099936999 -0.28836501 2.421
-0.10113 -0.27720001 2.4295001
-0.097459994 -0.27465397 2.4218602
-0.094562702 -0.26618797 2.42484
-0.14210001 -0.37189999 2.4338
-0.14210001 -0.36938 2.4338
-0.14304751 -0.35392123 2.4338
-0.143012 -0.348548 2.4363198
-0.14336 -0.31554332 2.4338
-0.13137999 -0.31322998 2.4338
-0.12457779 -0.31301999 2.4338
-0.14083999 -0.30881 2.4338
-0.13459 -0.30831501 2.43485
-0.12374166 -0.30832997 2.4366
-0.11514001 -0.303617 2.4346399
-0.11390286 -0.29555002 2.4359
-0.11075 -0.28913 2.438
-0.108125 -0.28508249 2.4359
-0.10342429 -0.27476573 2.4356
-0.10064 -0.26890001 2.438
-0.096088253 -0.26160499 2.43485
-0.094318002 -0.25878999 2.438
-0.14387 -0.30989999 2.4423001
-0.13382 -0.30754331 2.4437335
-0.12432501 -0.30439627 2.4439123
-0.12171401 -0.29653201 2.44488
-0.11860999 -0.29234001 2.4437332
-0.113599 -0.28613901 2.44488
-0.11114 -0.28 2.4466
-0.10693 -0.27504402 2.4431601
-0.10311428 -0.26681572 2.4453714
-0.096508995 -0.2576825 2.4455249
-0.14335999 -0.30899501 2.45525
-0.13568166 -0.3038125 2.45455
-0.12811401 -0.302858 2.4509001
-0.13453875 -0.29709625 2.4568999
-0.12652417 -0.29417917 2.4538167
-0.125458 -0.28546605 2.4587402
-0.11756857 -0.28317574 2.4521573
-0.12533 -0.27595499 2.4596002
-0.11546748 -0.27489185 2.4577124
-0.10889 -0.271835 2.4531002
-0.12499001 -0.26541501 2.4596002
-0.11598 -0.26788002 2.4596002
-0.10589699 -0.26358199 2.4544001
-0.12607375 -0.25566125 2.4596002
-0.10432222 -0.25559446 2.4586444
-0.09666124 -0.25352377 2.4574375
-0.10663 -0.24833 2.4596
-0.1427775 -0.30410248 2.4672251
-0.14015499 -0.29629499 2.46615
-0.136042 -0.293942 2.4657199
-0.13373375 -0.28600252 2.4656124
-0.12981001 -0.28198001 2.464
-0.13387999 -0.27609 2.4683001
-0.12623398 -0.27508402 2.4640002
-0.13384999 -0.26579002 2.4677625
-0.12725668 -0.2645233 2.464
-0.11550499 -0.26358598 2.4640002
-0.10937 -0.26154 2.464
-0.143096 -0.25484201 2.4683001
-0.13488363 -0.25517726 2.4675181
-0.12566125 -0.25419626 2.464
-0.11588875 -0.25543877 2.4666877
-0.10690142 -0.25407144 2.465843
-0.094043002 -0.25132 2.464
-0.14027999 -0.24921 2.4683001
-0.13186857 -0.24701571 2.4683001
-0.12457273 -0.24547906 2.4659545
-0.11659165 -0.2464 2.4679415
-0.10492538 -0.24519999 2.4656541
-0.09700413 -0.24675 2.46615
-0.10573 -0.23513001 2.4683001
-0.10701 -0.22872999 2.4683001
-0.092930496 -0.22105999 2.4683001
-0.092930503 -0.21466 2.4683001
-0.151665 -0.20423999 2.46615
-0.14796001 -0.20314001 2.4683001
-0.094209999 -0.20826 2.4683001
-0.14579 -0.30505499 2.4749
-0.14326666 -0.29573166 2.4756334
-0.13797 -0.29067999 2.4727001
-0.13815001 -0.28464752 2.4759998
-0.142684 -0.27139002 2.4744601
-0.13815001 -0.2743825 2.4759998
-0.14309667 -0.26503667 2.4727001
-0.13797 -0.26503667 2.4727001
-0.14181501 -0.25990999 2.4727001
-0.13797 -0.25990999 2.4727001
-0.14280286 -0.24684858 2.4739573
-0.13568889 -0.24452554 2.4727001
-0.12771 -0.24196 2.4727001
-0.1142525 -0.2426025 2.4727001
-0.10976 -0.24324501 2.4727001
-0.096300997 -0.2426025 2.4727001
-0.14078 -0.23982 2.4770999
-0.13411143 -0.23621857 2.4758432
-0.12359429 -0.23628142 2.474586
-0.114995 -0.23575999 2.4749002
-0.105915 -0.23554999 2.4727001
-0.096666612 -0.23554613 2.4757462
-0.13628501 -0.22762249 2.4770999
-0.12023 -0.225695 2.4770999
-0.11509667 -0.22569501 2.4771001
-0.10588266 -0.22514537 2.4738736
-0.096088849 -0.22598784 2.4742715
-0.12023 -0.21670668 2.4770999
-0.11473 -0.21743999 2.4771001
-0.10576067 -0.215498 2.4750471
-0.09811715 -0.21575285 2.4745858
-0.15207 -0.20734501 2.4727001
-0.14849 -0.20643 2.4770999
-0.10481999 -0.20900001 2.4770999
-0.094409443 -0.20449728 2.4735003
-0.09449067 -0.19475584 2.4756334
-0.094545998 -0.18844999 2.4770999
-0.14502251 -0.29326499 2.4837999
-0.14371251 -0.28549665 2.4834332
-0.14232001 -0.277565 2.4816
-0.14520399 -0.24342799 2.4824798
-0.14116 -0.236605 2.4837999
-0.13589001 -0.23381999 2.4816
-0.12687999 -0.23253 2.4816
-0.092142001 -0.236395 2.4816
-0.13376643 -0.22477143 2.4831715
-0.12587573 -0.22535145 2.4834857
-0.15404001 -0.21342501 2.4837999
-0.13487555 -0.21559113 2.4840443
-0.12479874 -0.21513 2.4849
-0.11487 -0.21280666 2.4816
-0.099862002 -0.21195 2.4816
-0.15132999 -0.20937 2.4816
-0.138585 -0.2056925 2.4837999
-0.121092 -0.20650399 2.4842401
-0.11410248 -0.20566998 2.4835253
-0.10501 -0.20422667 2.4816
-0.099862002 -0.20551251 2.4816
-0.12066 -0.19944 2.4860001
-0.11421999 -0.19814999 2.4860001
-0.10384143 -0.19544287 2.4844286
-0.099862002 -0.19908001 2.4816
-0.10262 -0.18911999 2.4860001
-0.095057294 -0.185091 2.4837999
-0.095529497 -0.17365749 2.4860001
-0.10004 -0.16592334 2.4860001
-0.095349096 -0.164547 2.4846799
-0.14411999 -0.24111 2.4905
-0.144278 -0.235688 2.4931598
-0.14179334 -0.22601999 2.4949331
-0.13637 -0.22045 2.4905
-0.15279 -0.2163225 2.494925
-0.14929 -0.21012001 2.4905
-0.13493143 -0.21276 2.4911284
-0.12655799 -0.213222 2.4905
-0.134095 -0.20412166 2.496033
-0.12617584 -0.20387833 2.4930665
-0.13641749 -0.19676998 2.4971623
-0.125075 -0.19512331 2.4967914
-0.11442251 -0.19334 2.4904997
-0.10797 -0.19205 2.4905
-0.121205 -0.18867499 2.4971499
-0.11419499 -0.18786599 2.4966998
-0.10447924 -0.1848477 2.4925382
-0.090912007 -0.18290667 2.4949331
-0.089890003 -0.18688001 2.4905
-0.10298833 -0.17557417 2.4949164
-0.093877807 -0.176516 2.4935997
-0.10424401 -0.16490801 2.4940398
-0.090912007 -0.16522667 2.4949334
-0.087621003 -0.16423 2.4993999
-0.10118251 -0.1570275 2.498275
-0.094653457 -0.1556146 2.4956076
-0.14680667 -0.23491001 2.5069001
-0.14502999 -0.22575 2.50615
-0.15008999 -0.21386001 2.5039001
-0.14256001 -0.21944 2.5084
-0.13551778 -0.19269779 2.5064001
-0.12672667 -0.19049001 2.5039001
-0.12473999 -0.18646599 2.5056999
-0.11527888 -0.18255554 2.5059001
-0.10855 -0.18009999 2.5039001
-0.112 -0.17392249 2.5084
-0.10854999 -0.17490999 2.5039001
-0.090375997 -0.17361 2.5039001
-0.087779008 -0.17490999 2.5039001
-0.12175 -0.16222 2.5084
-0.11211666 -0.16597 2.50615
-0.10861667 -0.16548666 2.5053999
-0.087779 -0.16971999 2.5039001
-0.10395201 -0.155808 2.5056999
-0.10076 -0.14894 2.5039001
-0.14568999 -0.2359 2.5174999
-0.15064 -0.22245 2.513
-0.14803 -0.22766 2.513
-0.15091 -0.21763 2.5174999
-0.14295 -0.21612501 2.51525
-0.14021 -0.18856999 2.513
-0.13517 -0.18879665 2.516
-0.125955 -0.18433499 2.5144999
-0.11937 -0.18075 2.513
-0.12219 -0.174555 2.5174999
-0.11703818 -0.17465271 2.5138185
-0.123385 -0.16527 2.51525
-0.11736701 -0.16341099 2.5148003
-0.123275 -0.15860499 2.513
-0.11484201 -0.15805399 2.5166001
-0.1070375 -0.15606999 2.5141249
-0.14595 -0.23241 2.5221
-0.15118 -0.22064 2.5221
-0.14722715 -0.22423144 2.5247285
-0.14670876 -0.21424876 2.5238252
-0.1436 -0.20794 2.5267
-0.14098001 -0.18697999 2.5267
-0.13234501 -0.18484499 2.5244
-0.12634 -0.18141 2.5221
-0.12648375 -0.17506999 2.5249751
-0.12693001 -0.16766334 2.5251667
-0.115875 -0.15526 2.5221
-0.10766 -0.15273334 2.5236332
-0.14647999 -0.212255 2.5313001
-0.14523751 -0.20447251 2.5324502
-0.14411999 -0.19555001 2.5359001
-0.13539001 -0.1847775 2.5324502
-0.1309125 -0.17574501 2.53475
-0.13097 -0.167935 2.5359001
-0.10974 -0.1532 2.5313001
-0.14842142 -0.20493571 2.5452001
-0.15019999 -0.19530499 2.5499001
-0.14739799 -0.19588399 2.54708
-0.14297999 -0.18582334 2.5467665
-0.13757165 -0.18213333 2.5444167
-0.13409001 -0.17514999 2.5452001
-0.13497333 -0.16811334 2.5452001
-0.15075999 -0.19204 2.5592999
-0.1481 -0.19204 2.5592999
-0.14438666 -0.18385333 2.5561666
-0.137918 -0.17546 2.55742
-0.14865001 -0.19009 2.5687001
-0.15104 -0.18974 2.5639999
-0.14572001 -0.18176 2.5639999
-0.14234833 -0.17621666 2.5671332
-0.14040001 -0.16847 2.5639999
-0.15168667 -0.18521333 2.5750999
-0.14902 -0.18521333 2.5750999
-0.145354 -0.17409 2.57638
-0.15244 -0.18076999 2.5878999
-0.14948 -0.18043999 2.5829999
-0.15004 -0.177075 2.5927
-0.1901 -0.41049999 1.8554
-0.19035 -0.40911999 1.8579
-0.20879167 -0.35326335 1.8562332
-0.20841248 -0.34610501 1.8557124
-0.19267 -0.41091001 1.86155
-0.191558 -0.40662599 1.8658001
-0.210848 -0.36435002 1.8652999
-0.20881 -0.36096999 1.8678
-0.21299286 -0.35447001 1.8656571
-0.20870666 -0.35774997 1.8611332
-0.21143001 -0.34500501 1.8653001
-0.20893499 -0.34215 1.8602999
-0.2144009 -0.41311276 1.8751725
-0.20527229 -0.41395074 1.8763613
-0.19714749 -0.41424 1.87665
-0.1935475 -0.40604749 1.8747751
-0.17682999 -0.39407 1.8779
-0.21773 -0.38238999 1.8779
-0.21503055 -0.37485263 1.8740841
-0.20975 -0.37426665 1.8762335
-0.19129571 -0.37599283 1.8779
-0.2152725 -0.36562249 1.873525
-0.2093 -0.36667001 1.872275
-0.216364 -0.35844201 1.8729
-0.21131 -0.34057 1.8729
-0.22026999 -0.41075999 1.883
-0.21638444 -0.41190997 1.8813332
-0.20453601 -0.41151595 1.8820002
-0.1978825 -0.41187999 1.8836501
-0.22075 -0.40578398 1.8871599
-0.21516125 -0.40647998 1.8864123
-0.20468532 -0.40705469 1.8857734
-0.1961709 -0.40482184 1.8851453
-0.21876 -0.39496499 1.8868999
-0.1923418 -0.39556181 1.884191
-0.184598 -0.39199701 1.8876801
-0.17951 -0.39372334 1.8856
-0.22057 -0.38296998 1.8856001
-0.21491125 -0.3843725 1.8852751
-0.20515637 -0.38244274 1.8860726
-0.19415222 -0.38434052 1.8843223
-0.18516411 -0.38504502 1.8861909
-0.17930333 -0.385185 1.8868999
-0.22039001 -0.37581801 1.8840401
-0.21161665 -0.37853003 1.8813334
-0.20429422 -0.37467924 1.8832116
-0.19615702 -0.37405398 1.8830149
-0.18538155 -0.37486076 1.8826503
-0.17892399 -0.37689 1.8835399
-0.22026999 -0.36878502 1.883
-0.20487115 -0.36489847 1.8851038
-0.19526798 -0.36539117 1.886744
-0.18663949 -0.36537263 1.8869681
-0.20725334 -0.35795331 1.8860334
-0.17771 -0.35689667 1.8873333
-0.22116999 -0.40068001 1.8907
-0.21458077 -0.40377921 1.8910998
-0.20580201 -0.40314135 1.8912199
-0.19863428 -0.4035129 1.8921858
-0.22192501 -0.39908999 1.8972
-0.21560498 -0.3958883 1.8954667
-0.20515522 -0.39580825 1.8947698
-0.19786844 -0.39509922 1.8928999
-0.18718667 -0.39479002 1.8907
-0.214066 -0.38797602 1.89382
-0.20570901 -0.38796204 1.8927801
-0.19814 -0.388338 1.8917401
-0.18196 -0.37225002 1.8907
-0.18000001 -0.37225002 1.8907
-0.19273999 -0.36146 1.8907
-0.18346715 -0.36447856 1.8918144
-0.18000001 -0.36538598 1.8907
-0.20530295 -0.3560324 1.8943706
-0.19472295 -0.3578817 1.8937587
-0.18517421 -0.35624653 1.8950999
-0.17844333 -0.35245666 1.8950332
-0.209694 -0.346248 1.8933001
-0.21474834 -0.39591336 1.9047832
-0.21479 -0.38960001 1.9037
-0.20429857 -0.35297927 1.9031428
-0.19505832 -0.35270673 1.9016776
-0.18172 -0.35276166 1.9019667
-0.20435435 -0.34494647 1.9040395
-0.19502695 -0.34439117 1.9035004
-0.18513 -0.34467345 1.9018174
-0.17905168 -0.34479168 1.9015335
-0.2038575 -0.33848 1.9075999
-0.19622248 -0.33829126 1.9079251
-0.18477 -0.33851001 1.9081572
-0.1795 -0.33873999 1.9062999
-0.21016499 -0.34136999 1.9154999
-0.20972998 -0.34562001 1.9115
-0.21182667 -0.3369433 1.9185333
-0.2043948 -0.33467087 1.9164476
-0.19446351 -0.33427799 1.9163948
-0.186368 -0.33488798 1.915913
-0.18000001 -0.33769 1.9115
-0.20363499 -0.32914001 1.9194
-0.19765499 -0.32914001 1.9194
-0.18471999 -0.32914001 1.9194
-0.21182857 -0.33342716 1.9228715
-0.2089 -0.33159 1.9220999
-0.19295 -0.33258498 1.9220999
-0.18352501 -0.33462998 1.9243165
-0.211696 -0.327434 1.92582
-0.20509236 -0.32596469 1.9249237
-0.19548 -0.32698599 1.9247668
-0.187628 -0.32884997 1.9247601
-0.182565 -0.33304751 1.933475
-0.21271144 -0.32308856 1.9308714
-0.20601249 -0.32221001 1.9300997
-0.19398999 -0.32311881 1.9324821
-0.18730143 -0.32681713 1.934343
-0.21199252 -0.31509748 1.9333063
-0.20436658 -0.31495309 1.935221
-0.19615823 -0.31598473 1.9364527
-0.21242373 -0.3065325 1.9338126
-0.20364545 -0.30632457 1.9377091
-0.19791 -0.30756 1.9382
-0.21235999 -0.29978001 1.9355
-0.2026 -0.296175 1.9382
-0.2031025 -0.28211001 1.9382
-0.197575 -0.28211001 1.9382
-0.19724 -0.26469001 1.9382
-0.18302 -0.33127001 1.9436001
-0.18714499 -0.32387751 1.9446374
-0.19285832 -0.31419083 1.942925
-0.18883002 -0.31857336 1.9481667
-0.2111575 -0.30395001 1.942925
-0.20551267 -0.30354398 1.9416202
-0.19466092 -0.30462727 1.9437226
-0.18959002 -0.30794001 1.9491
-0.21122999 -0.29901999 1.9436001
-0.20513545 -0.29491228 1.9431137
-0.19564681 -0.29561678 1.9453411
-0.20447707 -0.28510356 1.9424944
-0.19489908 -0.28487727 1.9433635
-0.20400682 -0.27502528 1.9434632
-0.19525166 -0.27497044 1.9433876
-0.20295501 -0.26575252 1.9447417
-0.19602932 -0.26513597 1.9434336
-0.18959001 -0.26752001 1.9491
-0.18379 -0.33063999 1.9518
-0.18512499 -0.32513875 1.9552251
-0.18786545 -0.31443998 1.9540455
-0.19013 -0.30070001 1.9545
-0.18718232 -0.30478385 1.9547462
-0.2101 -0.29117 1.9518
-0.192748 -0.29388601 1.9523399
-0.210245 -0.28428501 1.9531499
-0.19025999 -0.281645 1.9559
-0.18986 -0.28510001 1.9518
-0.21048999 -0.27651 1.9554332
-0.20807 -0.27193999 1.9518
-0.190532 -0.27476001 1.95452
-0.20677376 -0.26463124 1.95385
-0.19188 -0.26991999 1.9518
-0.18986 -0.26991999 1.9518
-0.182946 -0.32219201 1.9645001
-0.18370415 -0.31616664 1.9635249
-0.18385801 -0.30497098 1.96119
-0.19086249 -0.294745 1.9621251
-0.18674165 -0.29740581 1.9651499
-0.19066 -0.28935 1.9601001
-0.18841 -0.28854001 1.9684
-0.21099 -0.272075 1.9601001
-0.18943 -0.27561668 1.9684
-0.2112125 -0.2662625 1.9621501
-0.20857334 -0.26194668 1.9628334
-0.18829601 -0.267268 1.96504
-0.20615 -0.25891998 1.9656
-0.18331 -0.25690502 1.9684
-0.18641374 -0.29385877 1.97155
-0.18572889 -0.28333831 1.9724439
-0.18510646 -0.27616882 1.9735054
-0.21160334 -0.26114333 1.9721333
-0.18765999 -0.26034001 1.9712
-0.211915 -0.259215 1.9782
-0.20748445 -0.25411108 1.9739999
-0.19137287 -0.25340998 1.9764
-0.18787833 -0.25757334 1.9735333
-0.21104001 -0.24913 1.9796
-0.20631908 -0.24585909 1.9773088
-0.19152714 -0.24629284 1.9779999
-0.18614142 -0.24438217 1.9767996
-0.19256 -0.23066001 1.9796
-0.18602084 -0.23436667 1.979133
-0.19256 -0.22552499 1.9796
-0.18616715 -0.22467788 1.9785995
-0.21309 -0.1116 1.9796
-0.21270375 -0.10665625 1.97365
-0.1805 -0.28443 1.9823999
-0.21255873 -0.2548525 1.9842
-0.211565 -0.24461 1.984575
-0.20487502 -0.24358 1.9845375
-0.19576584 -0.24629499 1.9843082
-0.21183999 -0.23771666 1.9871668
-0.20659749 -0.23555002 1.9862648
-0.19493136 -0.23594774 1.9856404
-0.18804334 -0.23646666 1.9823999
-0.2067 -0.22783899 1.9872601
-0.19421268 -0.22514001 1.9852668
-0.18873 -0.22070999 1.9823999
-0.19407666 -0.21652667 1.9881001
-0.187381 -0.21631899 1.9855598
-0.231365 -0.16143501 1.9867001
-0.22844 -0.16361 1.9881001
-0.21476999 -0.115342 1.98754
-0.20987999 -0.11208 1.9881001
-0.20928 -0.1097 1.9823999
-0.21431001 -0.25055999 1.9909
-0.20193 -0.24230333 1.9909
-0.19779666 -0.24333501 1.9909
-0.21224999 -0.23300999 1.9909
-0.202104 -0.23424201 1.9926401
-0.19986001 -0.23300999 1.9909
-0.21175286 -0.22590287 1.9946002
-0.20431647 -0.22311354 1.9953117
-0.19926199 -0.22521201 1.9932001
-0.21162999 -0.21520168 1.9981002
-0.20485587 -0.2152659 1.9970059
-0.19580801 -0.21659799 1.9937799
-0.23236001 -0.16420001 1.99525
-0.22909001 -0.16615 1.9938
-0.21484999 -0.12131499 1.9959251
-0.21302399 -0.116978 1.99436
-0.21617 -0.23191001 2.0081999
-0.213625 -0.22362 2.00385
-0.20309 -0.22086 2.0023999
-0.21446285 -0.21413429 2.0061283
-0.20490375 -0.2122975 2.0049374
-0.19893999 -0.21047001 2.0023999
-0.21284199 -0.20650402 2.0081999
-0.2050781 -0.20495094 2.0064049
-0.197615 -0.20314102 2.0058801
-0.20457144 -0.19591142 2.0081999
-0.19587 -0.195465 2.0081999
-0.23074999 -0.17151999 2.0081999
-0.22867 -0.17151999 2.0081999
-0.23342167 -0.16772334 2.0043333
-0.224722 -0.165958 2.0064597
-0.21825001 -0.16111 2.0081999
-0.22023332 -0.15686333 2.0072334
-0.21825001 -0.15902001 2.0081999
-0.22012667 -0.14639001 2.0062666
-0.218064 -0.14432201 2.00646
-0.213625 -0.124395 2.00385
-0.21170001 -0.1172 2.0053
-0.20892668 -0.11166333 2.0053
-0.21935999 -0.2341325 2.01845
-0.21728 -0.22428802 2.0146
-0.22266749 -0.21336 2.0199001
-0.21808501 -0.21507333 2.0130498
-0.27189001 -0.20184 2.0199001
-0.22317539 -0.20504001 2.0165231
-0.21591064 -0.20442374 2.0118251
-0.20814 -0.20443666 2.0111001
-0.38080001 -0.19765 2.0199001
-0.37871 -0.19765 2.0199001
-0.31273001 -0.19137 2.0199001
-0.30540001 -0.19137 2.0199001
-0.29461125 -0.19316375 2.0195377
-0.27189001 -0.19973999 2.0199001
-0.2245615 -0.19457202 2.0162251
-0.21472323 -0.19499882 2.014128
-0.20486574 -0.19380285 2.0125501
-0.19844002 -0.19427332 2.0114222
-0.31407002 -0.187268 2.0163801
-0.30617866 -0.18591334 2.0167735
-0.29499808 -0.18437999 2.0176759
-0.28863999 -0.18088999 2.0199001
-0.23358285 -0.1841843 2.0199001
-0.22546604 -0.18480322 2.0168519
-0.21510561 -0.18488719 2.0178118
-0.20456363 -0.18480919 2.0169756
-0.19718699 -0.184755 2.0163801
-0.30457166 -0.17694835 2.0167248
-0.29480898 -0.17523299 2.0162349
-0.28738376 -0.17395876 2.0184376
-0.24249399 -0.17204399 2.01932
-0.23435272 -0.17488274 2.0164454
-0.22508252 -0.17523402 2.0162349
-0.2150348 -0.17480782 2.0180085
-0.20569731 -0.17404935 2.0198998
-0.19613169 -0.17565499 2.0199001
-0.29392999 -0.16984665 2.0130332
-0.24360999 -0.16728 2.0199001
-0.23864 -0.1688225 2.0132749
-0.22275779 -0.16708778 2.0133777
-0.21474144 -0.16545525 2.0152762
-0.20658538 -0.16490768 2.0194538
-0.22065 -0.15195501 2.0111001
-0.21467586 -0.15523541 2.0153873
-0.2061561 -0.15556669 2.0189333
-0.19194166 -0.15506001 2.0199001
-0.22113499 -0.141835 2.0155001
-0.21440499 -0.14666001 2.0182428
-0.20554999 -0.14681461 2.0187845
-0.19089667 -0.14877333 2.0199001
-0.21747625 -0.1334725 2.0155001
-0.21331666 -0.12467334 2.0140333
-0.21122666 -0.11771667 2.0140333
-0.20755 -0.1136225 2.0155001
-0.22226 -0.23814 2.0258
-0.22096999 -0.22494 2.0267668
-0.21984001 -0.226255 2.0228
-0.27518001 -0.21114001 2.0287001
-0.22466286 -0.21473001 2.0257571
-0.38172665 -0.20232999 2.0248001
-0.37962666 -0.20232999 2.0248001
-0.29284501 -0.201525 2.0272501
-0.28521463 -0.20217539 2.0264616
-0.27571571 -0.20324428 2.0249288
-0.26670998 -0.20070499 2.0243001
-0.23083501 -0.201525 2.0272501
-0.22856501 -0.20137501 2.0257502
-0.37693501 -0.19591665 2.0272334
-0.31370777 -0.19352445 2.0254335
-0.30456501 -0.19427834 2.0247836
-0.29485703 -0.19550601 2.0237002
-0.28502262 -0.19439913 2.0259089
-0.27483037 -0.19423123 2.0261457
-0.26686728 -0.19524546 2.0265729
-0.24579282 -0.1945976 2.0275953
-0.23544645 -0.19510175 2.0254178
-0.22823 -0.19794001 2.0228
-0.32140249 -0.185555 2.0250249
-0.31843001 -0.18745001 2.0228
-0.29325747 -0.187975 2.0228
-0.28531861 -0.18518287 2.0253572
-0.27482098 -0.18501851 2.0260849
-0.26755714 -0.18371142 2.0278714
-0.25624999 -0.18167999 2.0287001
-0.24492282 -0.18515955 2.0262051
-0.23659536 -0.18593924 2.0239542
-0.19495 -0.18142 2.0258
-0.31158999 -0.17564666 2.0237999
-0.30794001 -0.17486 2.0228
-0.28389922 -0.17615461 2.0228002
-0.27290499 -0.1786 2.02355
-0.26848 -0.17931999 2.0258
-0.25554666 -0.17607333 2.0287001
-0.24611048 -0.17597686 2.0254526
-0.2377575 -0.178075 2.02355
-0.203897 -0.17570201 2.0228002
-0.19632453 -0.17383637 2.0241637
-0.24710999 -0.16752 2.0228
-0.2018975 -0.16528001 2.0242999
-0.19605106 -0.16473423 2.0245266
-0.20186 -0.15578333 2.0247998
-0.19705667 -0.15515997 2.0258002
-0.21400167 -0.14207001 2.0238001
-0.20455748 -0.14394082 2.0255251
-0.19489628 -0.14628813 2.0265064
-0.215716 -0.136657 2.02546
-0.20597143 -0.13805144 2.0278714
-0.19103 -0.13856 2.0287001
-0.21231571 -0.12557857 2.0253429
-0.20816 -0.12338001 2.0287001
-0.20631428 -0.11657572 2.0253427
-0.2251275 -0.22498374 2.0350749
-0.275985 -0.21492 2.0346999
-0.23151001 -0.21265501 2.0331998
-0.2272125 -0.21731499 2.03245
-0.37850165 -0.20341833 2.0356998
-0.29286 -0.20543 2.0346999
-0.28696001 -0.20640501 2.0339499
-0.277895 -0.20844001 2.0331998
-0.24310499 -0.20106 2.0331998
-0.23567002 -0.20241332 2.0326998
-0.22945666 -0.20743668 2.0337
-0.37694398 -0.19662201 2.0352998
-0.32255998 -0.19145668 2.0357001
-0.30529499 -0.19894999 2.0331998
-0.26345414 -0.19295417 2.0329502
-0.25547054 -0.19391473 2.0324059
-0.24398001 -0.1988 2.0316999
-0.23379 -0.1991 2.0346999
-0.32560334 -0.18765999 2.0326998
-0.26428553 -0.18698889 2.0330334
-0.2548106 -0.18589063 2.0330126
-0.25361139 -0.1777357 2.0316999
-0.250485 -0.16837999 2.0331998
-0.20083 -0.14079 2.0357001
-0.19727571 -0.14239858 2.0342715
-0.21175365 -0.13549818 2.0330637
-0.20524502 -0.13407099 2.0341001
-0.19280002 -0.136602 2.0341001
-0.18606248 -0.13600001 2.0376999
-0.210425 -0.12832001 2.0331998
-0.2056067 -0.12557082 2.0342002
-0.20262 -0.11769 2.0352998
-0.22813 -0.22719 2.0406001
-0.27932 -0.21693 2.0436001
-0.23024 -0.21449 2.0406001
-0.37383997 -0.20500875 2.0463061
-0.36941001 -0.202685 2.0497
-0.235165 -0.20344999 2.0466499
-0.37333921 -0.19639917 2.0469248
-0.324866 -0.19458199 2.0448401
-0.37206671 -0.18913667 2.0487001
-0.33458799 -0.18929 2.0472999
-0.32969999 -0.18697999 2.0406001
-0.20174374 -0.13350751 2.0440125
-0.1952063 -0.13344683 2.0445843
-0.18651626 -0.1328125 2.0455375
-0.20173284 -0.12453715 2.042757
-0.195963 -0.12644801 2.0472798
-0.18875 -0.1283 2.0497
-0.20062 -0.11927 2.0406001
-0.19711 -0.118645 2.0482001
-0.37384498 -0.21295999 2.0565
-0.23621 -0.21394999 2.0557001
-0.37106001 -0.20998999 2.0588
-0.36890504 -0.20461166 2.0547168
-0.23621 -0.20755 2.0557001
-0.37167799 -0.19257601 2.05512
-0.36898431 -0.19567142 2.0557427
-0.34296668 -0.19059335 2.0567334
-0.33576 -0.19434001 2.0557399
-0.32787001 -0.19689 2.0557001
-0.36996001 -0.18809 2.0527
-0.35824999 -0.18651332 2.0588
-0.3425425 -0.1876975 2.0542002
-0.18477499 -0.13062 2.0527
-0.19567899 -0.12311699 2.0554202
-0.18611249 -0.1281475 2.0557251
-0.19755 -0.11785 2.0527
-0.18491 -0.11474 2.0542002
-0.37336999 -0.21444751 2.0656748
-0.23691 -0.21315666 2.0618
-0.36627999 -0.20092334 2.0680001
-0.34055001 -0.20235001 2.0680001
-0.33518499 -0.20128001 2.0680001
-0.36584902 -0.19601901 2.0667601
-0.35625798 -0.193149 2.0658302
-0.34467915 -0.19545418 2.0649002
-0.33456501 -0.1987675 2.0641251
-0.32826 -0.19991 2.0648999
-0.35254002 -0.18902333 2.0628333
-0.34808999 -0.18786001 2.0618
-0.19415 -0.12265 2.0618
-0.18594252 -0.1266225 2.065675
-0.18587001 -0.11855 2.0648999
-0.23831999 -0.22232001 2.0741
-0.37382999 -0.21585999 2.0741
-0.23796999 -0.21984001 2.0711
-0.36521932 -0.20525399 2.0741267
-0.35514635 -0.20245184 2.0769181
-0.3450827 -0.20354819 2.0741274
-0.33529446 -0.20460109 2.0737889
-0.32817 -0.20265999 2.0711
-0.36425 -0.19492599 2.0711
-0.35517401 -0.19673201 2.072
-0.34964001 -0.197285 2.0711
-0.18737668 -0.12334833 2.0736167
-0.18427999 -0.1189 2.0711
-0.371465 -0.21376 2.0850501
-0.36501858 -0.21208 2.0852714
-0.35524333 -0.21108334 2.0871167
-0.3466 -0.21051 2.0850501
-0.33871502 -0.21099 2.0897
-0.36362252 -0.20657499 2.0834999
-0.35485128 -0.20687747 2.0811751
-0.34707332 -0.20798333 2.0814333
-0.33499247 -0.20819251 2.0834999
-0.32881001 -0.206955 2.0819499
-0.18511 -0.12267 2.0804
0.032819998 0.049414199 0.71944606
0.076532505 0.047901873 0.71568161
0.080656998 0.048559003 0.718925
0.036703754 0.054416753 0.71835017
0.04479526 0.056704797 0.71644324
0.055470891 0.057503782 0.71488637
0.065060772 0.056205809 0.7146948
0.074123167 0.054660853 0.71768129
0.0390746 0.060437202 0.71922201
0.045873255 0.063040301 0.71856111
0.054904003 0.064098187 0.71790725
0.064096436 0.062765174 0.71818745
0.071582779 0.060476549 0.71929771
0.085528001 0.039423 0.72228998
0.025312146 0.047260169 0.72642606
0.030727902 0.048931498 0.72112399
0.084277064 0.04525559 0.72289145
0.026987776 0.054494418 0.72581214
0.032513238 0.056164641 0.72201931
0.078699194 0.056612607 0.72065282
0.082117118 0.054412816 0.72269583
0.028393932 0.062619045 0.72839564
0.035210703 0.064976953 0.72463405
0.043864354 0.067213215 0.72142845
0.055344608 0.068668537 0.72061837
0.066133402 0.067122258 0.72172982
0.075071566 0.065137051 0.72354275
0.081751704 0.064644381 0.7272352
0.037170082 0.072493576 0.72784597
0.045211244 0.074812613 0.72574097
0.05494944 0.074807189 0.72398609
0.064737082 0.074860536 0.72592413
0.073564962 0.073332317 0.72778565
0.083222158 0.071329668 0.72942662
0.047640607 0.081101872 0.72933733
0.055332113 0.081527874 0.72881758
0.06292896 0.081309438 0.72945327
0.020098999 0.039622001 0.73997998
0.017853292 0.046303064 0.73594022
0.021515932 0.043787453 0.73246026
0.016892575 0.051762268 0.73801774
0.022923946 0.055794466 0.73224527
0.025323754 0.065662861 0.73380321
0.030954167 0.068916671 0.73057836
0.081109174 0.067488499 0.73083419
0.027275149 0.073801547 0.73751259
0.034001358 0.076150015 0.73333371
0.041272283 0.079054579 0.7305885
0.06925375 0.0792455 0.73035502
0.076347314 0.076744892 0.73124409
0.082090415 0.075244509 0.73481804
0.036060967 0.084165052 0.7368471
0.044675071 0.085542917 0.73342294
0.054804347 0.086419106 0.73261786
0.065334611 0.085714452 0.73280621
0.07391984 0.084486619 0.73545319
0.08357913 0.080854252 0.73899376
0.039388798 0.090466402 0.73911202
0.04595837 0.093666628 0.7377311
0.054967709 0.09438996 0.73715454
0.064079329 0.092990495 0.73754418
0.071249798 0.090744205 0.73887599
0.0079100896 0.0187285 0.74834812
0.014756849 0.016068401 0.74917293
0.0083672367 0.020988001 0.74588996
0.011956334 0.025031887 0.74784803
0.015161194 0.036237128 0.7474097
0.020603856 0.03788086 0.74241
0.097638637 0.036717601 0.74839395
0.10123853 0.036625482 0.74903446
0.014787128 0.043094676 0.74388039
0.0962639 0.045301717 0.74635345
0.10451882 0.045752913 0.74910617
0.11387397 0.04725866 0.74589008
0.121122 0.049559198 0.74401999
0.013065166 0.054831497 0.7429446
0.089086525 0.055515997 0.74241304
0.094856635 0.054951195 0.74537826
0.10480019 0.054629873 0.74716699
0.11498157 0.05461251 0.74503195
0.12355406 0.055629604 0.74746293
0.013861923 0.061756387 0.74424839
0.095601417 0.061495371 0.74819803
0.10346714 0.060422145 0.74915427
0.11675333 0.060213666 0.74794668
0.121778 0.060453601 0.74899405
0.024343649 0.07676556 0.74212337
0.081572004 0.079607002 0.74076998
0.026516005 0.085078649 0.74500453
0.031940196 0.087048702 0.74163347
0.078026786 0.087825723 0.7431528
0.083020292 0.08580263 0.74585521
0.027810818 0.092832655 0.74857771
0.034892701 0.095042467 0.74470574
0.043260626 0.097664177 0.74173588
0.055761412 0.099289291 0.74062651
0.065762267 0.097640678 0.74241287
0.07476522 0.095315993 0.74649417
0.082554333 0.090672337 0.74969339
0.037321638 0.10240023 0.74861407
0.045194693 0.10482571 0.74626118
0.054896947 0.10497943 0.74359918
0.064741366 0.10471647 0.74614334
0.072750866 0.1028934 0.74912131
0.047432665 0.11091 0.74955666
0.054747041 0.1115021 0.74923933
0.06389194 0.11063627 0.74963194
0.0084876996 0.015259802 0.75140095
0.014518844 0.01533378 0.75299841
0.020637 0.017835001 0.75980002
0.016411139 0.02507047 0.75542659
0.0209316 0.028993402 0.75905401
0.096246682 0.02703304 0.75681669
0.1007425 0.02895825 0.75199246
0.016312107 0.031582497 0.75219923
0.020928167 0.031075001 0.75608331
0.094658844 0.033388134 0.75423741
0.10121701 0.032341 0.75089598
0.011045001 0.041482668 0.75050336
0.093464337 0.040524334 0.75199002
0.10385417 0.042326834 0.75053835
0.12769499 0.049946502 0.75690496
0.12805273 0.054253668 0.75276804
0.13255526 0.056304347 0.75517786
0.013443172 0.068106033 0.75570112
0.098334625 0.062967248 0.75072128
0.10225063 0.061697874 0.75125504
0.11787029 0.062664621 0.7529856
0.12506384 0.065023877 0.75327408
0.13347907 0.065174907 0.75598288
0.015295851 0.074096464 0.75354582
0.12627397 0.072504506 0.75617743
0.13298716 0.072948188 0.7587201
0.0150315 0.080773503 0.75525999
0.021235714 0.088971719 0.75315714
0.086153001 0.089610994 0.75057
0.024897348 0.095906422 0.75292265
0.030503999 0.098950997 0.75057
0.079531617 0.097409375 0.75143123
0.083051629 0.094837308 0.75328541
0.027350347 0.10401162 0.7567963
0.034389172 0.10622018 0.75285792
0.041148163 0.10896 0.750705
0.068931833 0.1086 0.75090837
0.075656682 0.10555174 0.75200099
0.082419507 0.10284571 0.75721443
0.029271999 0.111075 0.75897503
0.035548363 0.11387603 0.75641465
0.044571061 0.11547593 0.7537294
0.054973993 0.11634926 0.75305623
0.065013245 0.11549833 0.75416034
0.072386712 0.11321447 0.75717276
0.019871 0.019432001 0.76063001
0.024475809 0.018332947 0.76643902
0.087082922 0.018031184 0.76909977
0.091692217 0.018212076 0.76687008
0.019528247 0.023377188 0.76071239
0.024502568 0.024586473 0.76544386
0.08710295 0.024905894 0.76749849
0.092594579 0.023951512 0.76220477
0.025193643 0.031691786 0.76829571
0.088209219 0.033854023 0.76716125
0.09019234 0.031785499 0.76056337
0.09662579 0.068403602 0.76761192
0.13774857 0.068905495 0.76072282
0.096967399 0.071323402 0.769054
0.12726176 0.0779083 0.76192534
0.13436691 0.076190464 0.7610361
0.12736644 0.083377682 0.76591808
0.13345771 0.085273683 0.76538271
0.020799249 0.098981872 0.765885
0.12938499 0.0990225 0.769265
0.13302301 0.094197586 0.76920891
0.017551033 0.10618192 0.76877016
0.02259806 0.10583046 0.76392221
0.079508997 0.10947 0.76146501
0.085989691 0.10673265 0.76413989
0.090020001 0.10707 0.76692998
0.1292 0.10008 0.76819998
0.13079666 0.10007999 0.76819998
0.038362201 0.0087161409 0.77570903
0.042048272 0.0089195911 0.77556902
0.028402405 0.016343219 0.77210259
0.035403814 0.015374554 0.77494586
0.044022828 0.015136619 0.77803761
0.058615778 0.013450077 0.77967316
0.066259451 0.014942688 0.77867621
0.074930206 0.015287925 0.77567393
0.083276816 0.015284535 0.77213663
0.029196607 0.026179567 0.77144873
0.034708973 0.024664385 0.77608359
0.041838501 0.021586355 0.77943718
0.069508001 0.021691801 0.77949399
0.075688206 0.02457016 0.77663666
0.082044564 0.025203742 0.77238154
0.027269345 0.035376109 0.77435756
0.0316098 0.032840155 0.77855241
0.07836362 0.031605475 0.77830571
0.083810605 0.035019312 0.77483857
0.0261392 0.041181296 0.77814204
0.084407419 0.042203259 0.77742988
0.095974334 0.0683605 0.77434665
0.09659557 0.074874364 0.77584743
0.12466 0.079230003 0.77463001
0.09734498 0.08502394 0.77746409
0.12590519 0.087106436 0.77339405
0.018046571 0.099492423 0.77425998
0.097008303 0.095027015 0.77788734
0.10324896 0.096831396 0.77947605
0.11458357 0.099055395 0.77870578
0.12547795 0.095147096 0.77379423
0.13120261 0.09465991 0.77059174
0.01691075 0.10276249 0.77185994
0.12341817 0.1028652 0.77576876
0.048571937 0.018475123 0.78061002
0.054614071 0.016456487 0.78081483
0.062582828 0.017896635 0.78076649
0.038841005 0.028194942 0.7810306
0.045538317 0.025656426 0.7825458
0.055029705 0.025317052 0.78395295
0.064896606 0.025352627 0.78313351
0.071816273 0.028133346 0.78154933
0.029284 0.039352 0.78027999
0.035704307 0.035481017 0.78328282
0.044225927 0.03392816 0.78711331
0.055090953 0.032181423 0.78849512
0.065894149 0.033737358 0.78815061
0.074468851 0.0354665 0.78424531
0.080713779 0.037959225 0.78120887
0.028618818 0.043193772 0.78316724
0.033848092 0.043081019 0.78711534
0.040277999 0.040640999 0.78959
0.077272169 0.043369904 0.7873956
0.081312701 0.044744425 0.78324461
0.079579003 0.050466001 0.78959
0.095663548 0.067414001 0.78309071
0.094521128 0.075458467 0.78260571
0.094590664 0.084070668 0.78251368
0.094823003 0.090327002 0.78027999
0.1053563 0.096422374 0.78037763
0.11183 0.097824998 0.78039002
0.046241123 0.038120262 0.79114848
0.05493658 0.036700804 0.79158109
0.063855149 0.037888981 0.79111695
0.036286555 0.047348596 0.79177165
0.045247037 0.044954229 0.79541898
0.055044703 0.044423424 0.79708356
0.064998738 0.044803075 0.79622328
0.073481105 0.046268545 0.79261416
0.03738701 0.051903695 0.79449189
0.042884819 0.052781202 0.7984758
0.068091042 0.053106662 0.79868114
0.072956979 0.052631579 0.79665464
0.056414504 0.049314596 0.80014199
0.062380999 0.049474999 0.80005002
0.046930041 0.054502379 0.80117476
0.054668553 0.053968687 0.80273354
0.063530318 0.054215275 0.80193084
-0.42886999 -0.13168 2.3796
-0.43875 -0.12673999 2.3796
-0.42886999 -0.12921 2.3796
-0.43035001 -0.14203 2.3878
-0.4427267 -0.13213 2.3878
-0.43364835 -0.13460666 2.3878
-0.42530462 -0.13566154 2.3862231
-0.41336998 -0.1339 2.3878
-0.45016 -0.12718 2.3878
-0.44482335 -0.12830499 2.3857498
-0.43558145 -0.1284657 2.3854568
-0.44425666 -0.14127998 2.3959999
-0.43546748 -0.14373375 2.3954873
-0.42565751 -0.14398499 2.3944626
-0.415685 -0.14252 2.3959999
-0.40946999 -0.14004 2.3959999
-0.45144999 -0.13499333 2.3946333
-0.44531441 -0.13571778 2.3928113
-0.43687665 -0.13732 2.3919001
-0.42447665 -0.13897334 2.3919001
-0.41589996 -0.13824999 2.3919001
-0.40734401 -0.136016 2.39518
-0.45093 -0.12988 2.3919001
-0.45280999 -0.21444 2.4085
-0.44282001 -0.211945 2.4085
-0.43831 -0.21158001 2.4043
-0.44269168 -0.20564167 2.4078
-0.43579444 -0.20490776 2.4057
-0.44157001 -0.16075 2.4085
-0.43408 -0.16075 2.4085
-0.42409 -0.16075 2.4085
-0.4131 -0.162744 2.4085
-0.45265141 -0.15385571 2.4066999
-0.44483751 -0.15433939 2.4058752
-0.43448064 -0.15420623 2.4037752
-0.4249225 -0.15435502 2.4061377
-0.41516799 -0.154218 2.4079401
-0.40827 -0.15325667 2.4085
-0.45230398 -0.14486201 2.4017799
-0.44601703 -0.145509 2.4001002
-0.43673 -0.14692001 2.4001
-0.42398831 -0.14696167 2.4008
-0.41381666 -0.14620112 2.4019668
-0.40523928 -0.14392714 2.4046001
-0.39910999 -0.14326334 2.4085
-0.40280834 -0.13644665 2.4057
-0.39910999 -0.13577335 2.4085
-0.36789501 -0.12703 2.4085
-0.45253751 -0.21177749 2.41365
-0.44869336 -0.21297665 2.4154
-0.45299998 -0.20488 2.4134398
-0.44722247 -0.20396 2.4136498
-0.43513203 -0.20169799 2.4142799
-0.45383498 -0.19717 2.4160998
-0.44436002 -0.1989 2.4168
-0.43809 -0.1989 2.4168
-0.45563999 -0.18136001 2.4168
-0.45396665 -0.174255 2.4167998
-0.4230575 -0.17195751 2.4168
-0.41303334 -0.172585 2.4167998
-0.40634665 -0.17216666 2.4168
-0.45339504 -0.16548201 2.4155397
-0.44545856 -0.16494499 2.4149997
-0.4356291 -0.16388817 2.4145088
-0.42554832 -0.16573417 2.4143498
-0.41696399 -0.16533801 2.4134398
-0.40731001 -0.16477999 2.4125998
-0.45234001 -0.15852 2.4126
-0.41732001 -0.15852 2.4126
-0.40440175 -0.15511763 2.4145765
-0.398 -0.15128 2.4168
-0.36542001 -0.15128 2.4168
-0.35399666 -0.15378666 2.4167998
-0.34599501 -0.15316001 2.4168
-0.33785 -0.15378666 2.4168
-0.40231001 -0.14726999 2.4126
-0.39468938 -0.14495437 2.41575
-0.38345799 -0.143262 2.4168
-0.37418801 -0.143262 2.4167998
-0.36374199 -0.14470001 2.4156799
-0.35371372 -0.14484438 2.4139125
-0.34494832 -0.14460002 2.4167998
-0.336878 -0.144564 2.41344
-0.39384666 -0.135194 2.4159598
-0.38546333 -0.13791335 2.4168
-0.37143201 -0.13574201 2.4168
-0.36398798 -0.13458398 2.414
-0.35428765 -0.13512763 2.4153178
-0.34448001 -0.13601416 2.4164498
-0.33726001 -0.13726 2.4126
-0.36728001 -0.1285 2.4126
-0.35288 -0.12873 2.4168
-0.43133 -0.20175999 2.421
-0.4529357 -0.19333713 2.4234428
-0.44547912 -0.19507729 2.4260364
-0.43594998 -0.19851801 2.4244399
-0.45362151 -0.18638769 2.4246233
-0.4452064 -0.18473713 2.4283004
-0.43367001 -0.18231 2.4295001
-0.42383373 -0.18348999 2.4284501
-0.41519168 -0.18361332 2.4245665
-0.45321497 -0.17628334 2.4217167
-0.44495228 -0.17588052 2.4238558
-0.43522996 -0.175744 2.4269669
-0.42543182 -0.17630547 2.4225636
-0.41538182 -0.17722 2.4225545
-0.40441102 -0.17494799 2.4252801
-0.39475769 -0.17492692 2.4265847
-0.37992999 -0.17223001 2.4295001
-0.44639 -0.16912 2.421
-0.43509498 -0.16912 2.421
-0.40245497 -0.16535498 2.4209998
-0.39462605 -0.16575599 2.4269803
-0.38413 -0.16299 2.4295001
-0.37677667 -0.1643589 2.4290338
-0.36585665 -0.16367333 2.4271557
-0.35614219 -0.16413888 2.4257443
-0.34625497 -0.16359501 2.4259832
-0.33903 -0.16187 2.4252999
-0.39444709 -0.15602291 2.4240179
-0.38543227 -0.15505001 2.4275618
-0.37561873 -0.15563314 2.4260817
-0.36496735 -0.15567401 2.4227202
-0.3549343 -0.15692857 2.4209998
-0.34413669 -0.155965 2.4213581
-0.33844 -0.15908 2.421
-0.39116001 -0.14903 2.421
-0.38534909 -0.14611091 2.4217818
-0.37483498 -0.14819334 2.4209998
-0.36855999 -0.14903 2.421
-0.34220499 -0.14652 2.421
-0.38465098 -0.13557 2.4227097
-0.37590599 -0.13524899 2.4214299
-0.34429666 -0.13229667 2.421
-0.37358001 -0.12895 2.421
-0.44384199 -0.19127399 2.4346399
-0.43691424 -0.19507858 2.4361999
-0.44115999 -0.18767001 2.4338
-0.43577129 -0.18590251 2.435375
-0.42096999 -0.18767001 2.4338
-0.41159999 -0.18295 2.438
-0.40606332 -0.18020666 2.4352
-0.39638001 -0.18319601 2.4346399
-0.40077999 -0.17758 2.4338
-0.39069 -0.17631501 2.4338
-0.3851231 -0.17400846 2.4354153
-0.37547746 -0.17169873 2.435375
-0.36593252 -0.17086501 2.43695
-0.357245 -0.17157 2.438
-0.34779 -0.17001 2.4338
-0.38606 -0.16579999 2.4338
-0.37504199 -0.166976 2.4338
-0.36292663 -0.16748001 2.4338
-0.35257402 -0.16659199 2.4354799
-0.341775 -0.163845 2.4359
-0.38564 -0.15990999 2.4338
-0.43676752 -0.192305 2.4444499
-0.41051 -0.18358999 2.4466
-0.40219 -0.18074 2.4423001
-0.39397666 -0.18337333 2.4437332
-0.383535 -0.17836 2.4444499
-0.37510401 -0.176304 2.4440198
-0.36579001 -0.172025 2.4444499
-0.35644501 -0.174005 2.4455249
-0.34393999 -0.16553999 2.4423001
-0.4060525 -0.18479499 2.454175
-0.3930425 -0.18432501 2.4563498
-0.38489002 -0.18153001 2.4531002
-0.37569404 -0.182394 2.45788
-0.37217003 -0.17772001 2.4531002
-0.36498997 -0.17603199 2.4544001
-0.37832001 -0.19034 2.4683001
-0.41086999 -0.18745001 2.464
-0.40904 -0.18777999 2.4683001
-0.39111999 -0.18522 2.4683001
-0.38437998 -0.18633501 2.46615
-0.37431249 -0.1851375 2.4672251
-0.36743 -0.18234 2.464
-0.3682833 -0.17893 2.464
-0.38190001 -0.20496 2.4749
-0.37821752 -0.1935025 2.4759998
-0.39182001 -0.18810999 2.4727001
-0.37386668 -0.18725665 2.4727001
-0.38163501 -0.20164999 2.4816
-0.37716001 -0.20201001 2.4860001
-0.38034999 -0.19908001 2.4816
-0.37714329 -0.19834334 2.4830668
-0.14368001 -0.43312001 2.138
-0.14581299 -0.44376296 2.14658
-0.14634572 -0.43636146 2.1446002
-0.14845499 -0.42633998 2.1429501
-0.17316499 -0.34243 2.14625
-0.16388832 -0.34317335 2.14625
-0.15173 -0.46177 2.1579001
-0.13809 -0.46105 2.1545
-0.15285 -0.455055 2.1579001
-0.14352167 -0.4558017 2.1579001
-0.16515 -0.4461 2.1579001
-0.1542446 -0.44455308 2.1545384
-0.14769334 -0.44890332 2.1534002
-0.14926 -0.43647668 2.1545
-0.1741 -0.36107001 2.1579001
-0.16423833 -0.35436666 2.1556499
-0.17258501 -0.345725 2.1528502
-0.164749 -0.34570497 2.15554
-0.17357001 -0.33987999 2.1512001
-0.15319 -0.47142002 2.168
-0.15282667 -0.46472168 2.1629
-0.14559124 -0.46428868 2.1643875
-0.136978 -0.46649805 2.1652799
-0.16143 -0.45043999 2.168
-0.15525386 -0.45579153 2.1638155
-0.14587182 -0.4562318 2.1615088
-0.16286249 -0.44749248 2.1645999
-0.15519333 -0.44375667 2.1645999
-0.1522 -0.43852001 2.1645999
-0.16593 -0.37176001 2.168
-0.17316501 -0.36430502 2.16715
-0.16597556 -0.36407334 2.1653557
-0.173246 -0.35624999 2.1639199
-0.16555001 -0.35496891 2.1630888
-0.17314999 -0.34424004 2.1646001
-0.16425833 -0.34254667 2.1657333
-0.15311001 -0.34759998 2.1668665
-0.14996 -0.34648669 2.1645999
-0.151225 -0.47496751 2.1747999
-0.14585999 -0.4735443 2.1752856
-0.16168 -0.46015 2.1714001
-0.14142001 -0.46915999 2.1714001
-0.13466001 -0.46915999 2.1714001
-0.16280499 -0.45451999 2.1714001
-0.15943 -0.45565 2.1714001
-0.16393 -0.44664001 2.1714001
-0.14163999 -0.42704001 2.1747999
-0.16520333 -0.38555333 2.1782
-0.174475 -0.37096 2.1764998
-0.16490538 -0.37418234 2.1750617
-0.17342375 -0.36572874 2.17395
-0.16326831 -0.36577001 2.1725333
-0.15878429 -0.36470857 2.1757712
-0.17279166 -0.35478666 2.1742332
-0.16168 -0.35657501 2.1714001
-0.15379001 -0.35664997 2.1757715
-0.17245667 -0.34285334 2.1747999
-0.16519 -0.34108502 2.1731
-0.15493 -0.34981999 2.1714001
-0.17420501 -0.33882499 2.1731
-0.1649 -0.33538547 2.1760364
-0.151785 -0.33458498 2.1747999
-0.16445 -0.32833001 2.1782
-0.15204668 -0.48168001 2.1839001
-0.147975 -0.48117501 2.18505
-0.14887001 -0.47815001 2.1816001
-0.143668 -0.42724198 2.18502
-0.1388 -0.42758501 2.1833
-0.15137 -0.41093001 2.1849999
-0.14616001 -0.41190663 2.1861999
-0.16523001 -0.40704 2.1884999
-0.15161 -0.40931001 2.1884999
-0.14657 -0.40827402 2.1877999
-0.13799 -0.40817499 2.1884999
-0.16493374 -0.39471251 2.1845872
-0.1648743 -0.38514569 2.1838071
-0.1728275 -0.37453499 2.184175
-0.16214201 -0.37625998 2.18366
-0.15758 -0.37280333 2.1873333
-0.153945 -0.36572504 2.1829703
-0.14934 -0.36505499 2.1884999
-0.17175999 -0.34296 2.1849999
-0.16018 -0.34016001 2.1816001
-0.15792 -0.34016001 2.1816001
-0.16258222 -0.3351711 2.1834998
-0.15691374 -0.33476624 2.1833
-0.16244 -0.32885 2.1816001
-0.15716 -0.32962 2.1867499
-0.14271833 -0.42307666 2.19715
-0.13843 -0.42426336 2.1954
-0.15664166 -0.41288003 2.1954
-0.14358455 -0.41571999 2.1950819
-0.138265 -0.41580251 2.192775
-0.16474 -0.40465751 2.19715
-0.15107 -0.40750998 2.19715
-0.14420143 -0.40581995 2.1941502
-0.16200201 -0.39624 2.194
-0.15496612 -0.3938961 2.1967611
-0.14618267 -0.39561933 2.1956334
-0.17308 -0.38313499 2.194525
-0.16119334 -0.38556001 2.1954
-0.15710334 -0.38500667 2.1965668
-0.1723 -0.37812999 2.1919
-0.15497856 -0.37441999 2.1949
-0.14821334 -0.36715999 2.1942332
-0.16119 -0.33092001 2.1954
-0.16481666 -0.32754335 2.1930666
-0.15535 -0.43154001 2.2093
-0.15248249 -0.42066249 2.2093
-0.14615335 -0.42562667 2.2050221
-0.16196001 -0.41027001 2.2058001
-0.15498 -0.41337001 2.2040501
-0.17138 -0.40404999 2.2093
-0.16564167 -0.40499339 2.2040501
-0.15475439 -0.40482309 2.2049253
-0.14297999 -0.40309 2.2040501
-0.17366999 -0.39030001 2.2093
-0.14381333 -0.39544332 2.2081335
-0.17326 -0.38595 2.2040501
-0.1543377 -0.38584772 2.2049925
-0.14823499 -0.38854 2.2058001
-0.154084 -0.37800601 2.2044001
-0.14847 -0.37198001 2.2093
-0.15609001 -0.43131 2.2198999
-0.16043667 -0.42372999 2.2163999
-0.15437832 -0.42587665 2.2146499
-0.173085 -0.40649 2.2163999
-0.16115201 -0.40757599 2.2135999
-0.15789001 -0.40698999 2.2128999
-0.14435001 -0.39461336 2.2163999
-0.15130749 -0.38365498 2.2172749
-0.14886667 -0.38444999 2.2152331
-0.15099999 -0.37716001 2.2128999
-0.14895 -0.37546 2.2163999
-0.15889999 -0.43153501 2.2270999
-0.15634 -0.42969 2.2235
-0.17507 -0.40959999 2.2270999
-0.14366001 -0.39511001 2.2235
-0.14966001 -0.38187999 2.2270999
-0.14941999 -0.37897 2.2235
-0.16147 -0.43107 2.2306001
-0.14481251 -0.39322251 2.2323999
-0.14782999 -0.38890499 2.2342
-0.14528666 -0.39230666 2.2425997
-0.14846002 -0.38475999 2.2437999
