5059 5187 5188
12394 12393 12465
3555 3512 3554
6038 5901 5900
5864 5935 5936
930 886 885
4399 4400 4340
27259 27258 27388
7781 7930 7782
31738 31739 31106
29384 29052 29383
28691 28690 29032
20056 19888 19887
23668 23277 23276
31808 31806 31815
29077 28978 28977
12433 12434 12341
24240 24449 24241
18747 18634 18633
17122 17175 17176
15257 15370 15371
15125 15319 15126
6244 6245 6142
5747 5748 5665
8120 8180 8213
26119 26310 26120
4523 4465 4387
6962 6839 6961
5134 5065 5064
6944 6945 6890
4867 4798 4866
13137 13336 13337
13022 13129 12926
11230 11229 11292
247 244 243
228 202 227
328 387 329
5944 6073 6074
1017 1085 931
13 25 14
2576 2549 2548
3065 3064 3150
4954 4687 4686
7300 7214 7213
23344 23740 23741
27057 26769 26768
13691 13768 13692
21208 20939 20938
7472 7416 7415
29471 29472 29157
19950 19818 19949
15265 15188 15187
31950 31948 31952
29596 29597 29548
12103 12016 12163
26676 26964 26965
29553 29615 29351
30935 30563 30244
19994 20185 19995
30917 31550 30918
31515 31513 31512
27765 27764 28043
18385 18266 18384
14381 14380 14572
30609 31027 31028
22003 22002 22252
21457 21979 21458
28979 28921 29078
22214 21943 22116
17008 17179 16846
21948 22121 21949
17509 17508 17608
16018 15898 16085
24797 24676 24675
24617 24483 24702
14950 15145 15146
22684 22779 22600
17788 17789 17674
19374 19682 19683
17173 17004 17003
21155 20876 20875
15629 15715 15716
13984 13620 13983
16820 17153 16927
30236 30554 30918
19665 19666 19069
23856 23648 23450
24415 24662 24596
19196 19012 19195
5560 5559 5662
24187 23998 23997
19495 19606 19607
12667 12666 12850
21293 21294 21138
17186 17022 17124
12094 12146 12095
8206 8112 8111
8896 8785 8983
4143 4201 4263
5527 5561 5528
1837 1928 1838
4377 4513 4629
3670 3669 3722
3989 3988 4041
4504 4453 4503
3747 3748 3708
3743 3805 3542
3751 3750 3835
3112 3113 3027
32 42 43
3609 3648 3610
3542 3642 3743
3617 3655 3618
5127 5177 5128
5459 5404 5403
3449 3448 3542
3549 3613 3550
3803 3741 3821
3937 3938 3845
4052 3929 4051
1636 1763 1764
7480 7609 7481
11552 11553 11414
15147 15146 15246
12707 12895 12896
10477 10585 10544
14369 14368 14467
12802 12702 12609
15634 15633 15728
13843 13922 13923
17019 17183 17345
11670 11786 11731
16796 16699 16698
16509 16414 16508
12900 12901 12806
15342 15434 15435
22716 22715 22921
23922 24137 23739
15582 15373 15777
26923 27081 26924
11427 11161 11426
10372 10469 10470
13933 13932 14044
16135 15952 16134
6359 6360 6285
10343 10342 10376
10483 10482 10547
10196 10258 10259
10108 10154 10109
6174 6173 6331
4871 4805 4804
4925 5012 5013
3488 3434 3433
8156 8048 8047
6742 6849 6620
6423 6360 6501
6137 6081 6136
168 134 167
523 566 567
3960 3861 3903
2455 2454 2538
675 716 676
2282 2283 2214
7002 6869 6868
5719 5718 5953
1679 1642 1770
233 232 274
10234 10419 10235
11765 11841 11766
8417 8622 8418
14220 14219 14300
8621 8622 8417
11709 11708 11954
16566 16567 16370
17914 18098 18099
11991 11938 11937
21561 21562 21262
27888 28168 28169
3817 3801 3800
347 354 369
23025 22798 22797
9983 9913 9912
18977 18978 18878
19468 19467 19585
30780 31369 30461
18704 18588 18587
22538 22054 22294
20949 21058 21059
19432 19260 19575
21516 22048 21517
18566 18308 18307
13492 13491 13667
20096 19907 20095
22509 22612 22510
29888 29887 30089
25949 25948 26406
25267 25524 25353
19135 19134 19259
25524 25646 25525
25030 24770 24852
26262 26425 26426
26270 26522 26431
28950 29105 29001
27401 27318 27400
26587 26775 26588
27324 27071 27070
27391 27392 27290
31145 30667 31144
27301 27051 27050
29695 29442 29694
20377 20522 20642
30374 30692 31195
31369 30781 30461
30715 30396 31239
25501 25989 25502
26227 26113 26112
28174 28175 27894
25050 25553 25051
27346 27604 27605
27619 27361 27360
28681 28680 29022
29032 28690 29031
29804 29977 29813
28274 28206 28188
28972 28971 29015
27656 27408 27655
29994 29817 29980
29775 29595 29608
27407 27207 27379
23597 24005 23598
29775 29609 29595
23542 23229 23431
28029 28332 28030
26554 26325 26635
27149 27189 26970
26851 26685 26684
29846 29643 29642
23542 23618 23432
30026 30211 30212
29377 29376 29640
27514 27777 27778
28219 28220 28067
23449 23647 23450
29060 29059 29391
28707 28706 29048
21675 21939 21676
30952 31585 30953
28337 28034 28336
26978 26886 26689
30571 30047 30252
27502 27766 27503
31509 31508 31510
31544 30912 30911
30270 30588 30986
29378 29377 29641
29387 29055 29386
26460 26459 26547
30600 31009 31010
29402 29260 29326
30062 29861 29860
26360 26716 26361
28651 28732 28733
28848 28910 29065
29209 29260 29261
28228 28229 28073
29277 29415 29278
30294 30613 30068
28855 28914 28856
28294 28517 28387
31059 30306 30624
29217 29277 29218
30059 30277 30278
31450 32083 32084
31117 30653 31116
31115 31748 31116
29305 29241 29117
27813 27971 27814
30627 30309 30075
30078 30314 30633
28406 28405 28546
29093 28936 28992
29338 29429 29569
29007 29115 29240
28253 28408 28409
28623 28665 28666
28666 28760 28898
26948 27044 27045
28552 28614 28615
27163 27023 27022
29565 29671 29415
25098 25201 25319
24809 24697 24954
26896 26897 26856
27642 27519 27641
23856 24239 24051
31673 31041 31040
27530 27456 27426
28921 28978 29078
27714 27713 27783
28641 28854 28728
26362 26565 26566
28212 28213 28190
28362 28361 28716
28725 28638 28637
24445 24239 24673
20194 20330 20331
22863 22773 22669
25903 26367 26368
21954 21953 22448
23966 23868 23965
22450 22344 22223
21314 21449 21450
24608 24681 24453
26942 26895 27021
28093 27963 28092
27025 27024 27273
17043 17206 17044
27686 27646 27822
21453 21452 21974
23968 23874 24084
26857 26646 26753
21038 21164 20886
21438 21153 21307
24080 24479 24081
20767 20766 20883
20893 20892 21457
17882 17700 17881
18538 18072 18071
17527 17705 17706
18387 18525 18526
18810 18809 19084
18671 18525 18670
17351 17350 17514
20873 20872 21029
23458 23267 23071
21161 21037 20884
21702 21436 21701
21034 21033 21312
21842 21960 21702
19521 19663 19364
18375 18374 18497
19860 20005 19861
17675 17865 17866
19678 19075 19373
21303 21304 21146
18238 18147 18237
21672 21930 21827
19520 19519 19660
23064 22863 22862
18924 19043 19044
21946 21684 21945
21412 21127 21411
21141 21140 21297
20338 20507 20610
23446 23160 23060
24344 24236 24343
27454 27641 27519
24238 24239 24050
21826 21825 21929
24794 24894 25161
19042 19043 18923
22112 22427 22203
21925 21926 21821
18764 18923 18765
23047 23151 23231
26675 26963 26964
19496 19310 19495
23044 23043 23211
21100 21099 21274
18356 18213 18133
20285 20819 20820
17112 17153 17154
19973 20294 20295
19027 19624 19028
21109 20823 21108
15276 14889 15076
18746 18747 18632
18649 18480 18479
17113 17112 17154
17315 17314 17483
18463 18759 18639
17156 17157 16984
17313 17482 17314
17652 17587 17586
14725 14655 14654
17259 17153 17258
16654 16453 16452
17157 17158 16985
18945 19237 19073
16020 16091 16092
19073 19371 18805
21603 21442 21602
21442 21443 21156
18494 18495 18245
17676 17866 17867
15516 15630 15720
15403 15303 15302
15219 15220 15095
16590 16465 16665
16854 16683 16853
12028 11972 12027
15320 15126 15319
15325 15130 15129
14919 14742 14741
12480 12304 12479
14747 14926 14850
13269 13624 13455
14758 14757 15126
12004 11967 11882
12787 12669 12786
15696 15490 15294
17594 17494 17593
17591 17493 17492
17442 17328 17441
15484 15399 15286
15818 15690 15689
15611 15482 15687
14334 14541 14731
13966 14141 14087
12777 12841 12778
9371 9457 9330
6145 6146 6016
4514 4378 4377
5888 5850 5979
6163 6267 6268
5028 5112 5029
5307 5389 5308
19313 19204 19312
5035 4757 4887
4749 4881 4831
5848 5885 5886
4881 4749 4830
3918 3991 3992
3417 3637 3538
3539 3540 3445
3549 3455 3454
3824 3823 3879
4374 4250 4373
4127 4126 4186
4184 4122 4245
3990 3989 4041
4372 4249 4248
5850 5784 5849
6025 6155 6156
3455 3366 3365
4044 4045 3994
3506 3541 3507
1388 1338 1337
1137 1136 1240
1923 1922 1965
3505 3539 3444
2794 2793 2816
3750 3652 3651
4059 4058 4151
6317 6409 6318
6945 6891 6890
5560 5662 5663
6671 6819 6714
6096 5980 6020
6163 6269 6164
11126 11002 11125
6266 6316 6267
6823 6717 6716
8687 8688 8582
11135 11268 11136
10463 10464 10437
7627 7626 7697
5801 5903 5678
2147 2184 2148
2483 2514 2476
5801 5901 5902
7074 7075 6944
9177 9070 8984
6467 6330 6329
2148 2184 2233
3213 3212 3298
1706 1845 1707
1838 1701 1837
2442 2485 2525
2824 2798 2757
2736 2704 2735
2699 2700 2688
2825 2861 2892
2707 2759 2826
4393 4466 4394
5196 5195 5463
4729 4790 4791
3318 3231 3138
1467 1383 1382
2488 2528 2489
1151 1221 1152
6184 6183 6280
4157 4207 4208
7162 7082 7225
8694 8742 8775
8388 8317 8387
6789 6831 6832
7092 7034 7033
6730 6790 6731
8474 8533 8588
9166 9274 9167
7985 7921 8035
7095 7096 6961
6338 6280 6183
13211 13114 13210
13752 13671 13847
11677 11552 11551
10823 10822 10888
13108 12909 12908
12328 12327 12411
12902 12901 13104
11544 11613 11614
10336 10276 10275
11545 11615 11546
9884 9883 9914
11548 11486 11411
11407 11406 11542
11900 11666 11899
8648 8679 8574
10180 10250 10274
14466 14465 14555
15034 15133 15134
12703 12501 12702
13395 13289 13288
12313 12314 12172
15738 15641 15539
16710 16514 16513
16494 16495 16301
15740 15739 15839
14180 14375 14181
14382 14013 14381
18511 18512 18255
18054 18053 18518
17690 17797 17874
15543 15645 15743
16501 16410 16409
16954 16953 17037
20036 20215 20037
16120 16119 16312
14196 14281 14197
13006 13099 13007
14955 14865 14864
12254 12415 12332
12720 12617 12186
15344 15247 15343
15946 16126 16127
17216 17217 17058
16512 16317 16511
16891 16804 16732
13839 13917 13918
14114 14213 14115
12255 12256 12185
14869 14792 14965
11156 11157 11033
10603 10604 10393
13317 13494 13495
13849 14035 14036
12190 12121 12120
11913 11914 11855
14603 14406 14602
14501 14612 14613
13931 13857 13930
12056 12128 12057
12643 12750 12544
10309 10265 10217
13692 13515 13691
12923 12822 13127
12931 12751 12930
12190 12119 12189
10203 10036 10035
11163 11429 11430
10557 10620 10621
11435 11359 11296
12364 12558 12365
7700 7699 7776
8806 8805 9003
8449 8407 8406
7254 7186 7185
8617 8506 8616
10218 10310 10311
10755 10598 10687
8406 8363 8331
8856 8857 8796
8362 8405 8406
8800 8859 8801
9484 9483 9542
11155 11032 11154
11296 11168 11167
8493 8492 8544
8714 8751 8715
9071 9036 9070
9837 10035 10036
6188 6480 6189
6968 6738 6737
7702 7632 7631
8405 8404 8448
5709 5763 5645
4866 4798 4797
5471 5472 5407
4665 4739 4666
4660 4542 4605
914 999 1000
255 259 256
1343 1397 1344
475 441 440
1154 1055 1153
211 193 210
484 473 472
564 596 565
556 555 570
3852 3812 3774
4607 4547 4546
2459 2505 2460
3851 3852 3774
533 454 453
218 219 210
535 455 534
310 311 296
133 122 132
60 42 32
137 104 136
137 172 138
543 542 581
530 451 450
5768 5831 5832
5720 5501 5719
5413 5412 5492
5091 4934 4933
1517 1762 1518
835 912 873
6854 6853 6904
7181 7108 7250
6627 6563 6562
6992 6993 6762
6565 6491 6629
8051 7934 8050
6569 6505 6504
6766 6692 6691
6218 6083 6138
4683 4428 4427
2291 2222 2221
5237 5236 5500
779 778 843
850 784 723
230 229 271
881 927 847
694 729 706
787 788 751
334 333 393
1905 1904 2025
928 883 882
3791 3815 3792
4026 3977 3976
2312 2356 2313
2429 2354 2428
697 734 735
330 269 329
337 275 336
699 657 698
1446 1430 1530
515 546 558
1648 1568 1567
1321 1237 1180
4706 4705 4743
3816 3815 3865
3335 3286 3285
3499 3536 3596
3866 3816 3865
8056 8254 8057
3974 3975 3870
7212 7066 7151
6387 6388 6238
6523 6377 6522
7643 7581 7580
9213 9258 9214
8351 8456 8457
13427 13364 13363
10427 10426 10457
11073 10861 10951
9362 9312 9361
11191 11192 10934
6523 6434 6378
8346 8347 8270
8525 8571 8526
8431 8516 8432
8296 8347 8348
6769 6797 6798
7291 7332 7333
7191 7273 7125
9957 9958 9857
7642 7578 7641
10098 10138 10065
7526 7578 7642
9868 9965 9869
9700 9699 9870
10627 10628 10509
9686 9623 9685
11808 11693 11570
10841 10914 10915
13347 13226 13346
10771 10843 10772
13698 13871 13872
11686 11687 11563
13344 13517 13422
12557 12943 12558
14885 14832 14884
12570 12955 12571
13773 13717 13716
13230 13361 13362
13884 13775 13883
10460 10429 10459
13586 13720 13721
16011 15811 15605
18979 18878 18978
20149 19953 19952
11962 12087 11963
12379 12573 12574
10177 10178 10151
9325 9449 9581
15005 15202 15071
15391 15390 15466
14885 14833 14832
11821 11750 11820
17755 17574 17573
20099 19908 20098
19765 19434 19764
19274 19149 18979
20953 20424 20423
19818 19601 19600
11842 11841 11881
10566 10524 10523
19299 19595 19809
19441 19440 19770
18976 19147 18877
21530 21232 21345
19151 19150 19447
20094 19906 19757
17414 17567 17464
17744 17743 18109
18119 17929 17928
22935 23104 23105
19900 20086 20087
26660 26609 26794
17459 17557 17558
22720 22518 22614
17301 17413 17463
25502 25503 25247
25518 25261 25351
17250 17308 17309
17761 17427 17760
17152 17096 17151
17421 17467 17573
17424 17425 17101
16375 16442 16443
17758 17759 17424
15590 15382 15793
16186 16185 16248
14877 14990 14878
17564 17742 17407
16362 16750 16751
14414 14501 14415
14998 15066 14999
15863 15983 15984
16968 17075 17076
15665 15779 15780
17072 17139 17073
14809 14981 14608
14812 14873 14813
14599 14804 14691
14393 14488 14394
15773 15574 15664
16159 16551 16353
16136 15953 16135
17128 17204 17042
14037 13851 14036
14200 14030 14199
16732 16804 16733
18294 18087 18293
15775 15973 15776
15771 15663 15571
16721 16531 16530
17135 17225 17136
16155 16233 16234
25202 25465 25203
21041 20899 21170
20381 20049 20380
22362 22502 22363
19407 19117 18847
22912 23088 22913
25119 24992 25118
19549 19718 19719
21490 21491 21192
17393 17289 17392
17397 17231 17230
18568 18567 19119
22515 22279 22278
20665 20532 20664
22268 22267 22507
26272 26273 26192
25522 25265 25521
25510 25509 25637
25752 25751 25995
26183 26182 26424
24991 24992 24737
23315 22924 22923
23914 23723 24124
26284 26201 26200
24633 24634 24512
25479 25614 25615
26758 27046 27047
23466 23290 23167
19705 19545 19393
22136 21851 21987
24717 24825 24718
24274 24496 24497
27576 27395 27575
24830 24726 24725
26072 26255 26174
25511 25749 25750
27839 27570 27838
28442 28443 28124
27845 27695 27694
30118 29916 29915
30371 30689 31189
30487 30807 30488
31287 31921 31288
26436 26523 26598
30713 30394 31235
31287 30420 30739
30121 30122 29919
30424 30425 30133
28141 27860 28140
26446 26534 26535
30737 31282 31283
30422 30741 31291
30430 30136 30135
31925 31926 31292
31938 31936 31941
31287 31919 31920
31295 30424 30743
26805 26463 26462
30422 30742 30423
31759 31756 31762
31351 30452 30771
31941 31936 31934
32010 32008 32013
25534 25535 25361
26109 26222 26110
29738 29793 29794
25032 25142 25033
27874 27602 27873
31975 31976 31342
26463 26464 26298
26225 26224 26299
25013 25012 25254
26612 26539 26538
25639 25755 25519
25751 25513 25512
26814 26475 26474
23825 23745 23924
26465 26300 26299
26224 26111 26005
27343 27093 27092
25762 26013 25843
21258 21560 21259
19815 19814 19946
22740 22545 22617
18894 18610 18609
19943 19813 19942
22579 22380 22578
23025 22797 23143
25771 25570 25770
25288 25371 25146
29196 29197 28838
24570 25054 24571
22157 22376 22158
22296 22542 22372
24158 24157 24566
25069 25068 25288
28834 28494 28493
31367 32000 32001
30458 31363 30778
29510 29586 29587
32014 31382 31381
29980 29817 29790
31475 31476 30843
29550 29526 29319
29551 29613 29552
30192 30512 30193
31467 30837 31466
30890 30889 31522
30533 30215 30028
28334 28688 28689
31496 30864 30863
31466 30837 30836
30019 30006 30182
26972 26935 26934
30513 30194 30181
29353 29354 29022
28684 29025 29026
28029 28331 28332
30878 31510 31511
27486 27224 27485
28332 28687 28333
26329 26508 26556
29024 29356 29025
28903 28904 28570
29609 29596 29595
29550 29549 29599
29593 29592 29606
27992 28015 27927
29975 29986 29976
29345 29317 29522
26958 27142 27129
29545 29593 29546
27927 27928 27658
26323 25862 25861
29547 29523 29594
22816 22643 22642
25381 25852 25382
22632 22391 22631
21909 21908 22188
25658 25383 25854
25846 25847 25775
24657 24790 24791
24868 25075 25076
24185 24186 23997
23838 24221 23999
24872 24396 24395
24185 24218 24219
24790 24865 24866
24873 24396 24872
27185 27144 27143
26678 26320 26677
18452 18354 18451
20586 20827 20828
26558 26559 26509
26976 26940 26883
26511 26561 26690
26885 26687 26884
28028 27749 28027
26688 26885 26978
26884 26686 26853
26879 26880 26850
26555 26326 26554
26883 26939 26976
29355 29619 29356
26883 26882 26939
28329 28683 28684
27156 26939 26975
27419 27195 27222
29362 29363 29031
28039 28342 28040
28347 28346 28701
27764 27763 28042
22662 22438 22437
27492 27491 27755
27753 27489 27752
29035 28693 29034
30917 30918 30554
27496 27760 27497
24902 25410 24903
24663 24664 24598
25875 25874 26339
24421 24899 24422
27238 27237 27499
24422 24030 24421
25879 25408 25878
24898 25406 24899
26988 26699 26987
23625 23239 23238
27769 27505 27768
26705 26704 26993
28046 27767 28045
24429 24430 24038
23852 24232 24047
25420 25890 25891
24235 24234 24440
21584 21679 21585
25896 25895 26360
26709 26710 26354
26716 27005 26717
25426 25166 25165
29856 29652 29855
27254 27255 27007
26994 26993 27241
27766 27765 28044
26716 26715 27004
27778 27779 27515
29382 29645 29646
26715 26714 27003
27002 27001 27249
27244 26996 27243
28713 29054 29055
28060 28363 28061
30051 29850 29849
30271 30988 30989
29854 30056 29855
30992 31625 30993
31001 30277 31000
30951 30952 30571
30572 30254 30253
30249 30250 30045
30570 30950 30252
30577 30964 30259
28345 28700 28346
30562 30933 30934
30539 30031 30220
29831 29628 29627
30546 30902 30228
27234 27495 27496
30230 30549 30036
30912 31544 31545
28694 28340 28339
31536 30904 30903
29633 29369 29632
30916 30915 31548
30946 30947 30250
29830 30032 29831
31534 30902 30901
30045 30248 30567
30251 30252 30046
30532 30873 30874
30221 30889 30540
30896 31529 30897
30917 30235 30916
30923 30922 31555
31585 30952 31584
30261 30580 30262
30052 30263 30264
30949 31582 30950
31641 31008 31640
30598 31005 31006
30280 30599 30061
30278 30596 31002
30283 31012 31013
31564 31563 31561
30283 30062 30601
31008 31007 31640
28851 28850 28912
31038 31671 31039
29533 29407 29406
30606 30287 31021
30291 31028 31029
31044 31676 31677
29862 29863 29659
28509 28369 28576
28365 28720 28366
29658 29394 29657
28724 28635 28847
28573 28721 28506
28643 28728 28729
29257 29258 29066
29864 29660 29863
31667 31668 31035
29211 29074 29073
29257 29323 29258
28924 28865 28737
28382 28290 28289
28739 28868 28869
28084 27954 27953
29281 29093 29221
29087 29216 28988
27943 27944 27797
29089 28933 28932
30635 31081 30317
31096 31728 31729
29404 29403 29530
28914 28854 29068
29868 29664 29867
31041 31673 31674
31672 31673 31040
31057 30624 30305
31079 31080 30635
30318 30636 31083
31717 31084 31716
31087 30639 30320
31116 31749 31117
31720 31723 31721
29227 29228 29099
31099 30644 31098
29292 29291 29423
30644 31099 30326
31715 31083 31082
29010 29118 29119
30090 30338 30657
30091 30660 30342
28762 28761 28966
30341 31129 30660
30670 30096 30351
30668 30349 31145
31149 31782 31783
30356 30675 30099
30337 30656 30338
29304 29305 29117
27822 28107 28108
30667 30095 30348
29121 29435 29436
31768 31765 31770
30095 30349 30668
29435 29121 29120
28624 28623 28666
29436 29435 29688
28620 28562 28561
28005 28006 27971
28895 28961 29007
29333 29427 29334
28410 28611 28551
29681 29884 29885
30087 30333 30334
29114 28960 29006
28308 28417 28562
30646 31102 31103
28995 29098 28996
29567 29425 29332
28997 29099 29229
29294 29231 29332
28410 28551 28411
28094 28093 28255
28547 28406 28605
28755 28558 28754
25937 26393 25938
28560 28619 28756
28004 28099 28005
29007 28962 28895
28102 28196 28197
27975 28008 27976
27432 27392 27391
27553 27645 27685
28766 29125 28767
28430 28112 28111
27561 27830 27562
26520 26400 26582
27434 27435 27293
27719 27682 27681
27687 27686 27822
27433 27552 27458
25316 25461 25462
25943 26068 25807
25709 25606 25605
23472 23694 23561
24271 24094 24270
24266 24092 23883
25206 24970 25205
23471 23687 23688
24973 24972 25099
25460 25940 25700
25455 25935 25456
26580 26518 26579
26754 26857 26903
28255 28256 28095
25922 26154 25923
26390 26391 25935
27545 27544 27811
27430 27680 27549
27539 27540 27279
24956 25197 24701
28087 27957 27956
25086 24807 24941
25796 25925 25926
27273 27024 27165
27020 27268 27269
28230 28290 28383
26895 26894 27021
28532 28751 28599
26151 26150 26381
25691 25804 25692
28092 28253 28093
28541 28403 28540
27537 27804 27805
28090 28089 28250
27028 27027 27277
28530 28531 28398
28401 28402 28248
28231 28230 28383
29082 28980 29081
28398 28532 28299
27275 27026 27274
28232 28194 28231
28380 28287 28286
28380 28285 28379
29209 28915 29069
28229 28288 28289
28652 28587 28651
28369 28278 28508
28214 28367 28277
28283 28284 28223
28377 28284 28376
27792 27791 28071
28068 28221 28069
27527 27526 27791
27677 27530 27676
27454 27519 27423
26571 26376 26732
26723 26722 27012
25900 25899 26058
26723 27012 27013
27519 27455 27423
27160 27010 27159
24448 24675 24449
25436 25174 25435
24605 24678 24679
26062 26148 26149
24930 24801 24679
22865 22864 23257
24245 24683 24455
23858 23857 23961
22449 22868 22672
23861 23802 23657
23262 23065 23261
24348 24609 24454
21305 21029 21151
20017 20203 20018
26061 26146 26147
24244 24243 24348
21705 21704 21961
23404 23460 23461
22457 22876 22458
20354 20622 20623
21969 22130 22235
23165 23273 23074
18807 18662 18661
22877 22458 22876
25182 25449 25450
24069 23967 24068
21847 21970 21971
24251 24351 24252
25442 25911 25912
23555 23462 23665
24066 24067 23965
24690 24807 24691
26147 26250 26251
24691 24807 24942
25447 25683 25181
27025 26737 27024
25796 25795 25925
27539 27538 27806
24472 24075 24471
21972 21848 21971
25695 25932 25933
24260 24355 24356
24073 24470 24074
24474 24473 24695
25087 24950 24949
24694 24473 24257
25090 25091 24951
25698 25699 25454
26745 27033 26746
25937 25936 26392
24079 24477 24478
24699 24615 24698
25461 25700 25462
22780 22689 22688
24080 23676 23675
24703 24485 24617
23468 23467 23558
21985 22132 21849
20038 20216 20371
18067 18066 18276
18825 19391 19098
20040 20219 20220
17045 17044 17373
19096 18824 19390
19392 19391 19702
21466 21321 21465
20900 20901 20774
20630 20365 20364
17279 17195 17194
20359 20208 20358
20888 21453 20889
18815 18816 18672
24466 24070 24069
21451 21725 21452
22887 22468 22886
21456 21978 21457
20889 21453 21454
24075 23672 24074
20513 20356 20355
18156 18266 18267
17514 17875 17691
20514 20357 20625
18518 18261 18517
19087 18519 18518
18665 18666 18522
18822 18536 18535
19390 20036 19700
18537 18280 18536
19097 19700 19701
18279 18536 18280
19388 19387 19542
17532 17711 17533
18537 18824 19096
17888 17706 17705
17370 17285 17284
17804 17891 17892
18392 18283 18391
17051 17052 16884
17622 17805 17717
17053 17383 17054
16957 17051 16883
16335 16424 16533
16421 16328 16327
17047 17046 17209
16721 16802 16531
16332 16530 16531
16622 16721 16530
16510 16316 16315
17885 17703 17884
18281 18539 18540
16523 16524 16326
17894 18075 17971
16529 16622 16530
17195 17196 17127
16216 16307 16308
16506 16312 16505
17359 17193 17192
17025 16695 16694
17186 17124 17275
17684 17683 18047
17686 17792 17687
17347 17275 17346
17608 17687 17688
17791 17686 17790
19372 19074 19371
17794 17688 17687
17507 17606 17508
19384 19385 19241
17512 17513 17445
18260 18515 18516
18946 19091 18813
18258 18514 18515
19076 19680 19077
19689 19688 19869
19530 19371 19529
20613 20510 20341
17336 17180 17335
18798 18655 18496
18257 18380 18381
18049 17870 17869
18251 18376 18499
20201 20014 20013
18799 19070 18800
19670 19863 19671
21838 21696 21432
20008 20198 20009
18796 18795 19068
18797 18796 19069
18373 18247 18246
18375 18498 18376
19525 19524 19671
18151 18036 18150
18497 18655 18656
18377 18252 18251
18249 18248 18375
17680 17339 17338
18378 18377 18500
17964 17867 17866
18254 18253 18502
17330 17329 17443
16847 17009 17010
18037 18249 18038
17178 17123 17274
17000 17169 17170
19065 18939 19233
18242 18148 18241
18795 18494 18493
18026 17956 17855
18489 18235 18370
17857 17668 17856
17955 18025 18145
16268 16083 16082
17666 17595 17665
16831 16931 16832
16079 16080 15891
17160 17161 16988
16257 16650 16258
17664 17594 17593
15690 15818 15891
18140 18139 18226
17163 17266 17267
17955 17854 18025
19361 19517 19518
18936 18782 18935
18018 17658 17657
18013 18014 17948
17656 17844 17657
17587 17653 17480
17843 18015 18016
17655 18016 17844
18139 18779 18479
19988 20181 20182
19362 19519 19520
18021 18022 17950
18651 18790 18231
20324 19999 19998
20000 19855 19999
19992 19993 19849
20325 20187 20001
18488 18652 18489
18244 18243 18372
18239 18238 18491
19067 18941 19066
21138 21295 21139
20332 20196 20331
22445 22671 22222
20326 20188 20002
18013 17947 18779
17311 17480 17312
19841 19842 19648
19649 19650 19509
19839 19985 19647
23064 23450 23256
23651 24053 24054
23399 23449 23255
23650 24053 23651
21682 21945 21683
24672 24921 24673
26569 26365 26514
22214 22117 21943
23959 24048 24235
21016 20852 20851
20315 20181 19987
21127 21017 21016
20312 20180 20179
18473 18474 18364
22765 22654 22843
22844 22656 22655
24039 24430 24431
23051 23050 23238
20842 21010 21117
24031 24032 23625
23049 23237 23157
23243 23242 23629
21281 21404 21673
17776 17947 17841
21121 21014 21013
21825 21824 22113
21403 21280 21579
22111 22201 22202
20309 20485 20590
20286 19620 20285
19968 19617 19616
24015 24408 24409
20743 20825 20744
23229 23392 23045
23394 23619 23620
25405 24897 25404
23844 23954 23955
24340 24341 24227
23397 23437 23438
21103 21104 20820
21381 21906 21664
22195 21919 21918
22583 22327 22582
25656 25377 25154
22995 22808 23034
23997 23836 23949
22803 22802 22991
23786 23540 23588
22172 22171 22325
23948 23835 23947
22387 22386 22626
23144 23145 23027
23145 23144 23196
22176 22389 21891
21890 22175 22176
22389 22390 21892
21098 21007 21097
20283 20577 20818
20569 20568 20809
21893 22390 22391
20570 20476 20569
21004 21003 21092
22991 23027 22992
18739 18912 19010
18911 19009 18912
21656 21657 21366
19316 19208 19315
19607 19826 19827
20473 20567 20474
21573 21653 21654
19499 19614 19615
19609 19830 19610
19619 19618 20284
20820 21104 21105
19624 19623 19972
21107 20821 21106
19630 19631 19505
19221 19334 19335
18923 19043 18765
18639 18759 18760
17943 17944 17828
22648 22999 22838
18753 19028 18754
18452 18753 18754
17584 17470 17583
4709 4747 4748
19331 19975 19629
18215 18136 17998
19034 19337 19222
18766 19043 18924
15277 15078 15077
17773 17641 17772
17836 17644 17774
18004 18003 18459
18638 18450 18352
18448 18349 18447
18748 18635 18447
19024 18748 18747
18636 18350 18349
20174 19969 19968
20577 20281 20817
18739 18738 18912
19499 19318 19611
19317 19316 19498
15397 15398 15279
13036 12967 13035
15883 15681 15680
16014 16067 15879
15086 15085 15480
15880 15879 16067
15679 15475 15474
13243 13242 13597
15079 15080 15012
15282 15213 15281
13373 13372 13432
15079 15208 15209
15281 15212 15280
17645 17583 17582
14891 15078 15010
14649 14648 14719
14713 14641 14838
14133 14134 14082
13892 13957 13958
13962 14138 13963
14891 14713 14890
14720 14721 14651
15682 15478 15477
15610 15684 15479
15081 15212 15082
14533 14328 14327
14452 14451 14530
14534 14535 14328
14649 14531 14530
15215 15014 15088
14721 14722 14532
16267 16459 16082
16194 16263 16195
16016 15894 16082
15686 15889 15687
15817 15687 15889
16261 16262 16076
15686 15482 15481
16260 16261 16076
16452 16453 16261
17116 16992 17163
16077 16015 15889
16662 16782 16663
16664 16663 16832
17503 17502 17603
15487 15291 15290
16198 16080 16197
16834 16666 16665
16779 16658 16657
16596 16669 16670
17000 16934 16999
16836 16784 16835
17000 16935 16934
16272 16087 16465
17270 17271 17170
17334 17178 17274
17336 17678 17337
17182 17010 17181
15711 15710 15909
18045 18046 17682
16856 16793 16688
16481 16480 16680
16293 16487 16488
15904 15903 16089
16285 16480 16286
16203 16280 16204
16676 16282 16675
15709 15620 15708
16204 16281 16092
14922 15112 14744
16093 16281 16478
15911 15826 15910
16679 16480 16285
15515 15516 15319
15723 15518 15517
15498 15497 15617
15708 15707 15907
14755 14754 15123
15516 15721 15722
15706 15705 15823
15903 15822 15902
15703 15494 15702
16786 16591 16667
15703 15904 15823
15906 15907 15824
16273 15900 16272
16087 16271 16465
15821 15694 15898
15488 15291 15487
15099 14912 14911
15095 15023 15022
14462 14461 14548
15304 15225 15224
11967 11968 11882
13808 13985 13986
12160 12099 12159
13985 13621 13984
14923 14744 15112
15625 15713 15714
15629 15628 15715
15123 15512 15124
14747 14925 14926
13996 13633 13995
14852 14851 14928
12603 12490 12693
14756 14361 14360
12312 12311 12400
12984 13073 12985
12985 13073 13074
12299 12158 12010
12021 12107 12022
13271 13177 13270
11269 11268 11403
12020 12021 11898
11669 11542 11541
11403 11539 11270
11853 11907 11908
12027 11971 11970
11666 11665 11899
11141 11221 11222
12025 12313 12172
10719 10804 10868
8370 8462 8463
11894 11774 11658
10571 10656 10657
11886 11887 11651
11894 12015 12016
12154 12155 11889
10719 10656 10718
11259 11258 11345
11214 11257 11258
11124 11079 11078
11002 10961 11078
11000 10957 10999
11385 11652 11386
11127 11081 11080
9377 9507 9461
12467 12293 12149
11118 11209 11249
11652 11887 11888
13067 13261 13262
14155 14259 14342
12680 12296 12471
13976 13977 13802
12472 12296 12680
12674 12292 12466
12981 12982 12859
14731 14335 14334
14914 14736 15101
13061 13173 13385
14849 14740 14739
14157 14261 14262
14910 14733 14909
12793 12859 12860
13798 13974 13898
12392 12393 12290
13449 13542 13543
13067 13068 12862
13800 13613 13732
14329 14141 14328
13789 13601 13788
14328 14141 13965
14717 14527 14716
10960 10961 10864
17580 17643 17774
14131 13957 13956
13596 13787 13597
14325 14324 14450
14139 14325 14326
13247 13248 13048
13244 13043 13243
12289 12245 12288
13379 13440 13380
13445 13606 13607
12855 12856 12790
19017 19206 19207
13959 13958 14081
13594 13783 13784
11480 11380 11379
5844 5775 5879
12287 12243 12143
9500 9590 9456
5295 5423 5424
6019 6094 6095
9643 9642 9714
12004 12005 11967
8111 8078 8110
9504 9592 9593
8881 8880 8934
6142 6245 6143
8179 8212 8180
8277 8303 8206
6397 6447 6448
8007 8080 8008
5262 5304 5263
6015 6145 6016
5674 5637 5571
5977 6017 6018
6157 6312 6158
4987 5040 5041
4989 4893 4988
5629 5562 5628
5666 5750 5667
5167 5269 5168
5564 5563 5631
5302 5162 5301
5167 5168 5116
5169 5118 5117
5529 5528 5561
5302 5163 5162
5657 5656 5777
5526 5430 5381
6014 6142 6143
5745 5783 5746
5848 5887 5849
5156 5028 5027
5519 5520 5424
12581 12656 12774
5377 5296 5425
5026 4880 4975
4882 4831 4977
4877 4878 4827
4504 4368 4453
4368 4319 4245
4831 4750 4749
4035 4121 4122
4586 4455 4506
4502 4618 4619
4366 4502 4453
4713 4755 4756
4318 4368 4245
3443 3538 3505
3638 3702 3606
3606 3639 3539
1366 1365 1455
3341 3418 3359
3417 3443 3418
3915 3987 4040
4038 4037 4100
3641 3703 3741
3827 3880 3917
1783 1782 1827
2810 2851 2852
1652 1688 1689
1655 1693 1694
1193 1192 1245
1572 1653 1690
1655 1577 1576
1827 1782 1826
3204 3106 3105
3542 3507 3642
3750 3651 3650
3649 3648 3709
3105 3074 3073
3541 3642 3507
4106 4043 4105
4186 4126 4185
4190 4189 4250
4585 4623 4506
4249 4250 4189
4104 4041 4103
4587 4511 4510
4626 4757 4888
5042 5172 5120
4781 4646 4780
5444 5398 5314
4775 4850 4851
2991 2922 2951
3263 3210 3209
3545 3451 3544
3511 3460 3459
3081 3117 3118
3367 3456 3457
3372 3461 3419
2881 2880 2948
2688 2700 2689
1451 1452 1362
1139 1105 1138
1582 1456 1581
3211 3166 3210
1969 2039 2076
3212 3297 3298
3422 3374 3421
1369 1370 1251
1252 1370 1371
1590 1465 1589
1588 1587 1708
1374 1373 1460
3039 3129 3130
2183 2231 2147
2154 2086 2048
4050 4051 3929
5801 5678 5677
3652 3711 3653
3620 3621 3554
4597 4642 4643
4387 4465 4388
5455 5327 5454
4463 4464 4386
4643 4523 4597
4329 4262 4261
5573 5449 5448
4461 4462 4385
6827 6826 6946
6604 6718 6458
6274 6321 6322
5807 5683 5758
7894 7893 7970
7889 7746 7602
5571 5673 5674
6320 6271 6270
5321 5450 5322
4900 4994 4848
5175 5174 5271
5571 5572 5535
5795 5896 5673
7478 7418 7477
5636 5567 5635
5897 6032 6033
6314 6160 6159
6542 6447 6446
6263 6314 6315
6542 6448 6447
6823 6716 6822
6311 6262 6402
8466 8438 8373
9340 9339 9384
7895 7831 7894
8013 8014 7969
10570 10656 10571
8577 8578 8531
9228 9268 9158
8877 8933 8878
8876 8875 8932
9026 9027 8971
8877 8878 8843
8971 8932 8931
8842 8877 8768
9115 9114 9161
7688 7755 7756
8213 8279 8309
9159 9269 9229
9273 9387 9388
9465 9382 9381
9467 9468 9386
9598 9647 9648
9514 9469 9387
9386 9387 9272
10278 10337 10279
8694 8775 8776
8124 8216 8125
9819 9818 9884
11088 11087 11137
8886 8940 8941
9740 9739 9819
10527 10466 10465
10182 10279 10183
10335 10274 10334
10528 10469 10468
10335 10334 10366
8776 8775 8849
8746 8697 8745
9918 9917 10018
9402 9525 9471
8946 8889 8945
6322 6321 6459
4996 5054 4997
8387 8441 8388
8379 8215 8378
7905 7842 7841
6613 6466 6328
7231 7171 7170
6273 6274 6167
6169 6327 6170
6045 6118 6046
6464 6553 6414
6413 6414 6326
8085 8127 8021
7480 7423 7422
7758 7689 7613
6552 6610 6611
7482 7483 7352
7080 7081 6948
5802 5904 5855
5909 5995 6046
7158 7080 7157
6723 6612 6611
5319 5272 5318
5681 5680 5757
5802 5803 5756
6044 6043 6117
5191 5190 5334
4998 4909 4908
4149 4271 4272
4524 4388 4465
3426 3427 3380
3460 3461 3372
5459 5539 5540
5188 5060 5059
3380 3381 3346
3089 3127 3038
1464 1434 1463
1587 1588 1463
2563 2524 2514
1977 1845 1976
1470 1387 1386
3562 3561 3661
2823 2822 2888
3623 3669 3570
3090 3132 3133
3349 3385 3386
4060 3998 4059
2158 2192 2241
1661 1589 1588
2997 3041 3090
3046 3231 3139
2190 2189 2238
3666 3665 3763
3479 3389 3388
4272 4271 4393
3230 3317 3318
3932 3840 3931
4333 4332 4390
3760 3838 3761
4268 4267 4334
3839 3840 3763
4148 4147 4203
4467 4531 4395
4398 4397 4468
4339 4276 4275
4271 4335 4393
4911 4910 5063
4391 4646 4527
4055 3934 4054
3944 3848 3893
4061 4110 4062
4536 4537 4469
3673 3723 3674
2926 2892 2861
3672 3671 3767
3669 3721 3766
2962 2893 2826
2585 2656 2708
2528 2529 2490
2962 2961 3045
1376 1432 1377
1473 1539 1540
1543 1609 1483
2658 2657 2710
1941 1796 1860
2694 2711 2659
1664 1720 1596
2528 2656 2529
1994 2061 1995
1750 1749 1895
1472 1390 1389
1397 1398 1344
1338 1260 1337
1219 1280 1220
1392 1393 1340
1153 1282 1154
484 485 473
1406 1405 1486
1438 1409 1491
1491 1551 1552
1487 1407 1406
3680 3774 3681
1541 1542 1480
2383 2322 2382
1546 1485 1545
1610 1736 1880
2496 2448 2532
2893 2964 2894
1881 1737 1880
1737 1611 1610
3576 3483 3575
6556 6474 6473
5197 5136 5196
5541 5469 5468
5074 5075 4919
5689 5690 5465
5692 5585 5467
5461 5334 5460
5692 5815 5693
5071 5006 4917
5918 6057 5919
4731 4657 4656
6179 6472 6335
5462 5336 5335
4397 4396 4533
5067 5135 5195
5337 5197 5196
4857 4856 4914
6955 6834 6954
6948 6949 6830
7092 7032 7091
7090 7171 7172
5997 5914 5996
6789 6724 6788
7499 7432 7365
7769 7624 7623
7309 7232 7231
7310 7309 7361
7910 7909 7978
8316 8315 8385
8780 8746 8779
8699 8660 8698
8036 7986 7985
7918 7984 7919
7851 7628 7775
7770 7624 7769
7851 7922 7986
7775 7698 7774
9125 9071 9070
8595 8484 8594
10086 10087 10028
10155 10154 10193
10442 10443 10379
12333 12332 12418
13561 13495 13671
12255 12419 12334
12521 12626 12728
13309 13198 13308
13490 13406 13489
13748 13840 13666
13749 13842 13843
12913 12724 12912
13314 13313 13492
14034 13847 13846
13494 13316 13315
13838 13837 13915
14107 14028 14027
14106 14107 14027
15356 15557 15558
14023 13914 14022
14867 14786 14866
14024 14023 14104
12901 12902 12807
14278 14277 14390
14786 14583 14785
11283 11353 11417
13306 13484 13105
12254 12414 12415
13307 13106 13105
12416 12415 12511
15148 15247 15248
12902 12809 12808
12808 12712 12711
12613 12712 12614
12715 12714 12904
11415 11279 11278
11554 11415 11553
11017 11142 11090
11489 11488 11555
10475 10540 10541
10885 10974 10886
10374 10375 10340
10535 10675 10582
10579 10671 10672
10251 10188 10187
11093 11144 11145
10670 10734 10735
10736 10816 10817
10825 10890 10826
13186 13093 13092
10876 11089 11016
10730 10573 10462
10735 10816 10671
12109 12030 12029
11545 11485 11484
11272 11271 11404
11544 11408 11543
11668 11540 11539
12035 12034 12178
11674 11736 11617
11734 11789 11790
12180 12112 12111
12889 12992 12993
11792 11910 11793
13087 13088 12995
13195 13301 13302
12988 12885 12884
14758 14363 14362
12891 12705 12890
13463 13390 13283
14175 14369 14176
13634 13460 13279
14475 14374 14474
13395 13288 13394
13552 13739 13648
12998 13090 12999
13554 13476 13475
14177 14178 14007
13000 13092 13001
13188 13096 13295
12893 12892 12998
14009 14096 14097
14564 14469 14563
14573 14381 14572
15150 15346 15249
15143 15142 15339
15643 15644 15541
14766 14668 14667
16114 16113 16218
15637 15534 15533
15524 15726 15525
15038 14947 14946
15730 15530 15729
14772 14570 14771
14565 14566 14473
15320 15417 15321
15723 15722 15922
14932 15129 15032
15129 15128 15324
15328 15327 15423
15523 15524 15422
15522 15421 15420
15427 15332 15331
15522 15523 15421
15733 15638 15732
16860 16694 16496
16503 16607 16504
15634 15729 15530
16305 16214 16110
15519 15323 15322
17126 17191 17031
16408 16305 16498
16705 16611 16704
16506 16505 16610
16703 16866 16704
16116 16115 16219
16504 16608 16609
16609 16703 16610
15642 15641 15739
15736 15735 15836
16312 16311 16505
16867 16951 16868
16800 16869 16870
16123 16222 16316
16708 16707 16801
15253 15156 15252
16874 16711 16873
15755 15754 15949
16515 16712 16618
16329 16328 16422
15647 15547 15646
16321 16320 16415
15750 15550 15549
15941 15743 15842
15151 15347 15348
15843 15844 15747
14864 14781 14863
14577 14676 14578
14948 14776 14775
15041 15148 15149
14776 14574 14775
14863 14954 14864
14677 14780 14678
14281 14280 14392
14956 14955 15152
15648 15649 15548
15044 15045 14959
15154 14958 15153
15250 15251 15154
14580 14581 14480
14487 14392 14486
14961 14962 14789
14791 14964 14792
14198 14108 14107
14587 14683 14588
13846 13670 13845
13849 14036 13850
15558 15952 15953
14969 15163 14970
15360 15164 15359
15953 15758 15559
16322 16418 16323
15949 16129 16130
16132 16324 16325
15352 15252 15351
16417 16322 16321
16415 16516 16517
16714 16620 16713
15950 16131 16132
17045 16879 17044
16530 16141 16331
15759 15560 15758
12823 12822 12923
12741 12742 12534
12534 12632 12741
14980 14808 14807
12345 12438 12534
13120 13319 13121
12342 12341 12434
13019 13125 13126
13119 12918 12917
10351 10295 10260
10293 10380 10381
11226 11285 11227
12117 12116 12188
9077 9078 8993
11096 11095 11152
12531 12630 12738
11290 11156 11289
11354 11285 11284
11916 11857 11915
11153 11031 11096
11288 11228 11287
11679 11680 11624
11422 11356 11421
9281 9407 9282
10896 10831 10895
10594 10549 10548
11492 11421 11420
10598 10597 10687
11919 12054 11920
12053 12197 12054
11915 11857 11914
12262 12345 12189
12635 12634 12745
12263 12192 12347
14041 13927 14040
12347 12348 12263
13330 13331 13220
12641 12640 12748
12830 12755 12829
12748 12749 12642
12267 12199 12266
12053 11918 12052
12752 12751 12931
12198 12266 12199
11926 11925 11988
11498 11435 11568
11802 11928 11803
13224 13135 13223
13340 12939 13339
12201 12128 12127
11806 11742 11805
11628 11629 11567
11805 11742 11691
11932 12211 12212
11436 11298 11359
10771 10772 10695
11566 11496 11495
10763 10692 10691
10165 10214 10166
11568 11629 11691
11807 11862 11931
9358 9420 9421
10389 10390 10203
10353 10397 10354
10394 10489 10300
9686 9764 9687
10691 10608 10690
9004 9089 9194
10120 10210 10162
9481 9416 9480
9751 9796 9722
9089 9193 9194
10091 9998 10044
9415 9416 9353
10036 10037 9838
9542 9543 9484
9609 9537 9536
9195 9194 9301
9994 10041 9936
9189 9238 9239
9537 9414 9413
8802 8801 8860
9609 9536 9673
9287 9288 9239
8411 8504 8505
9243 9134 9242
7634 7782 7635
8153 8245 8154
8618 8507 8617
8801 8717 8716
8716 8613 8612
9354 9416 9417
9088 9136 9192
8415 8620 8416
8916 9016 8917
9194 9300 9301
10167 10125 10124
9013 9095 9096
9216 9215 9319
7941 7940 8056
7945 7800 7799
8155 8156 8047
6854 6905 6855
8095 8050 8049
8195 8095 8158
7262 7263 6990
7575 7574 7708
6078 6208 6131
6081 6009 6136
6760 6991 6761
5371 5419 5496
6077 6207 6208
6496 6497 6356
6209 6133 6132
5953 6009 6081
6075 6206 6076
6989 7261 7262
7519 7788 7520
8047 8048 7788
7519 7520 7262
7788 7933 7789
6988 6989 6759
6983 7114 7115
6350 6349 6491
6195 6346 6196
6128 6129 6069
6126 6125 6199
6000 6001 5938
4936 5092 5221
6348 6198 6197
6477 6341 6340
6851 6792 6744
6562 6563 6490
6901 6849 6848
6344 6343 6417
6481 6739 6482
6488 6625 6626
7704 7781 7633
7044 6981 6980
7381 7382 7255
8239 8148 8238
7931 8149 8044
7785 7786 7517
8993 8903 8952
9081 9131 9132
7779 7702 7701
8793 8904 8794
8546 8610 8547
7436 7505 7371
8790 9037 8749
9129 9183 9184
9282 9233 9281
9670 9608 9669
7505 7436 7504
7244 7243 7372
8324 8445 8540
7503 7504 7435
7506 7505 7570
7505 7504 7568
8036 8140 8090
7370 7436 7371
7443 7444 7376
5928 5704 5703
7110 6974 7109
8605 8490 8604
6973 6847 6741
4933 5090 5091
6733 6475 6183
6280 6339 6281
6618 6735 6619
7369 7315 7368
5138 5077 5201
5140 5139 5205
4473 4472 4541
5350 5211 5349
5345 5205 5344
5476 5477 5349
4869 4870 4803
5479 5702 5480
4800 4801 4661
4662 4543 4661
4741 4668 4740
4286 4285 4349
5602 5650 5603
4939 4940 4809
3860 3861 3783
4411 4349 4410
4475 4407 4406
4542 4541 4605
4477 4410 4409
4072 4006 3945
4349 4285 4348
4669 4668 4741
4011 4076 4077
4477 4478 4411
4012 4078 3950
4944 5097 5019
2904 2969 2970
2453 2435 2415
2696 2714 2662
3728 3681 3774
1895 1958 1896
3946 3945 4006
3849 3772 3848
4475 4406 4474
4346 4407 4408
3948 3895 3894
4660 4605 4604
2713 2695 2712
3944 4071 3945
4213 4212 4284
3946 3851 3850
4005 3942 3941
2765 2766 2715
1741 1674 1673
2203 2168 2202
2662 2714 2715
2272 2271 2333
1897 2011 1898
2114 2166 2167
1750 1628 1749
1615 1674 1550
1741 1740 1809
2592 2591 2662
1414 1496 1497
716 675 715
357 350 319
474 439 438
551 563 521
1622 1499 1498
1071 912 911
1288 1225 1287
1548 1489 1488
906 992 907
1813 1747 1892
959 995 996
493 528 448
443 442 489
653 678 615
380 417 381
384 422 448
719 679 718
766 714 829
615 571 570
717 678 677
767 677 676
1300 1168 1299
1296 1295 1354
1750 1751 1628
1422 1298 1421
1069 995 1068
832 770 769
3728 3682 3681
2840 2808 2868
2899 2833 2768
2456 2455 2539
2333 2332 2387
2665 2664 2767
2118 2207 2119
1170 1171 1125
2015 2119 2120
2339 2279 2309
211 194 193
422 421 433
2015 1755 2014
1073 1303 1074
914 1000 960
875 876 838
100 99 122
264 263 294
1151 1115 1114
89 97 98
98 99 89
78 77 104
90 99 91
267 225 266
131 153 154
225 212 199
133 167 134
451 387 450
1305 1075 1304
75 74 103
269 268 329
332 392 333
142 141 176
173 172 230
214 200 213
964 965 921
723 722 783
780 806 781
847 927 882
1010 1040 1081
844 845 780
684 683 775
1564 1631 1632
2017 2122 2069
2277 2276 2337
2676 2637 2675
2018 2124 2125
2211 2019 2125
1899 1756 2016
2340 2459 2341
1011 1173 1082
2569 2568 2598
2553 2552 2607
2546 2547 2505
3283 3284 3249
2916 2941 2917
2905 2928 2906
3777 3731 3776
2972 2929 2971
3146 3147 3096
2634 2633 2674
2911 2938 2912
2544 2504 2503
2506 2549 2550
2414 2452 2453
3142 3052 2967
2541 2540 2595
2901 2864 2835
2767 2899 2768
3059 3146 3096
2744 2745 2719
2902 2866 2865
2724 2673 2672
2905 2868 2904
3784 3783 3862
3187 3186 3439
4078 4077 4119
4413 4553 4414
5284 5363 5285
5229 5228 5365
5418 5494 5495
4415 4673 4416
5098 4945 5019
3789 3863 3864
5097 5230 5231
3243 3324 3244
3004 3005 2971
4087 4174 4175
4427 4426 4682
2976 2937 2936
3438 3437 3493
3494 3530 3438
5718 5499 5717
5497 5498 5234
7992 7991 8054
7794 7861 7940
6635 6636 6502
6993 6861 6763
6084 6220 5955
4682 4681 4948
5954 6082 6083
6568 6503 6636
6364 6427 6365
6291 6362 6363
7541 7400 7399
8425 8508 8426
7121 7122 7049
6432 6375 6374
6692 6766 6693
7816 7664 7663
5960 6225 6226
6221 6085 6220
6220 6084 6219
7272 7191 7124
6865 6799 6771
3634 3596 3692
3980 3874 3873
6699 6646 6645
5249 4962 5248
3331 3252 3330
3191 3159 3249
3596 3537 3499
2350 2466 2467
3246 3282 3247
2849 2919 2850
3632 3631 3690
3593 3688 3689
4426 4176 4297
2943 2917 2942
2639 2677 2640
2942 2917 2941
2679 2727 2680
2644 2645 2607
2848 2874 2875
2645 2644 2679
2913 2914 2781
1901 1902 1763
1013 1014 972
1311 1312 1085
887 851 850
691 654 690
499 498 543
932 889 888
887 886 930
539 459 458
233 234 176
139 138 173
172 229 230
82 108 109
179 144 178
30 55 40
234 276 235
66 67 58
143 177 178
179 178 236
460 494 461
465 464 500
181 205 189
110 124 111
238 204 237
241 240 254
146 145 155
397 396 461
496 542 513
733 697 696
603 581 580
1522 1641 1523
945 865 864
815 788 814
1314 1087 1313
1644 1645 1565
1085 1086 1018
2348 2285 2284
2727 2781 2680
2353 2428 2291
1314 1522 1315
2467 2466 2556
2556 2466 2555
2357 2313 2356
1041 1091 1042
4484 4485 4436
1019 1090 1041
799 798 864
1320 1357 1321
792 859 793
1527 1427 1426
2174 2131 2223
936 937 859
794 737 754
632 697 633
1023 974 1022
129 145 146
279 280 252
207 215 216
426 402 425
698 708 699
939 938 973
208 207 216
236 178 235
1044 1024 1023
1128 1091 1090
586 557 585
634 657 699
1044 1023 1094
1180 1237 1181
241 254 257
4314 4313 4448
639 588 638
799 758 757
2482 2472 2481
2136 2034 2135
1776 1777 1685
2176 2224 2225
2031 1960 2030
2136 2177 2178
1913 1775 1822
4019 4092 4020
5242 4954 5241
3332 3254 3253
3695 3598 3694
4970 5020 5021
5292 5291 5375
6537 6438 6389
6535 6596 6536
6526 6381 6380
5967 5968 5839
6932 6879 6878
3799 3874 3875
5720 5721 5502
5253 4966 4965
4823 4703 4968
4445 4446 4309
4022 4023 3975
3869 3908 3972
4955 4688 4687
5511 5512 5249
6865 6771 6798
6374 6518 6519
6923 6922 7009
6227 6228 5962
6529 6530 6383
6377 6378 6231
6660 6592 6659
7127 7193 7128
8072 8071 8104
7952 7995 7871
6375 6521 6433
7459 7407 7458
7402 7401 7450
7669 7670 7594
6780 6781 6708
6593 6662 6706
7883 7882 7967
8731 8757 8732
6663 6707 6708
6235 6384 6236
7206 7207 7065
7023 7153 7068
7412 7338 7411
7339 7413 7298
7213 7067 7152
7454 7455 7405
8367 8347 8366
8173 8198 8199
7966 7881 7880
8556 8516 8555
8367 8433 8434
7472 7415 7414
8368 8349 8435
9366 9326 9450
9454 9588 9637
10989 10988 11326
11114 11198 10987
9710 9711 9637
10147 10243 10148
9634 9584 9583
9779 9704 9579
9368 9367 9452
9109 9220 9110
9327 9366 9328
8554 8516 8515
9221 9111 9110
8728 8729 8671
10513 10561 10632
9970 9872 9775
9318 9319 9215
9148 9218 9106
8822 8925 8865
9105 9147 9217
8263 8427 8343
8513 8429 8451
8199 8269 8270
8293 8266 8344
8075 8106 8173
7736 7735 7821
8175 8200 8201
8269 8346 8270
8198 8172 8267
8175 8201 8202
8100 8068 8167
8072 8105 8073
7963 7879 7878
7276 7194 7193
7999 8069 7958
7539 7448 7396
9437 9361 9436
8924 8923 9021
8754 8825 8755
8165 8066 8065
7713 7799 7800
8163 8063 8062
7713 7648 7647
8631 8632 8551
8260 8062 8061
7004 7128 7129
8062 7949 8061
8811 8810 9008
7801 7715 7800
7947 8060 8061
7951 7952 7870
8417 8418 8254
9196 9090 9006
7944 8058 8059
8256 8420 8257
8623 8418 8622
8919 8963 8964
9009 9010 8812
9848 9900 9901
9203 9250 9251
9250 9203 9202
9807 9765 9764
9429 9304 9428
10169 10218 10128
9560 9766 9688
9562 9309 9433
9963 9962 10064
9867 9774 9866
9437 9436 9494
9308 9206 9205
9968 9969 9871
9695 9728 9773
9774 9867 9697
9497 9440 9439
10322 10323 10231
10140 10069 10068
10781 10782 10624
10097 10064 10063
10009 9957 10059
9961 9906 9960
10134 10135 10096
10229 10320 10411
9908 9963 9863
10269 10319 10227
9955 9903 9854
10172 10225 10226
10170 10223 10224
10266 10315 10316
10453 10452 10501
9852 9952 9853
10358 10315 10406
10619 10618 10774
11109 11181 11182
13346 13225 13345
11453 11589 11454
11577 11578 11502
10612 10613 10498
11306 11305 11365
10500 10554 10501
13873 13874 13700
12760 12944 12831
13344 13516 13517
15875 15874 15998
13348 13347 13521
12452 12561 12453
14436 14435 14519
11592 11511 11510
12833 12764 12832
13352 13709 13710
11048 10984 10983
10621 10622 10505
12076 11996 11995
11057 11058 10927
11586 11509 11508
14073 14442 14443
11317 11186 11316
11707 11708 11590
14067 13707 13706
15008 15075 15009
13585 13720 13586
13358 13715 13359
12576 12382 12381
12957 12572 12956
12283 12382 12237
13357 12955 12954
11239 11315 11240
12370 12452 12371
12230 12136 12135
11755 11756 11711
11315 11453 11454
12227 12226 12570
10931 11189 10932
11314 11453 11315
11188 11321 11189
10790 10932 10791
10632 10706 10633
10236 10071 10235
10420 10635 10636
10631 10559 10630
12083 11999 12082
11832 11758 11831
11190 11191 10933
12233 12232 12279
11723 11602 11722
10649 10648 10948
10520 10564 10565
11241 11326 10988
10272 10248 10331
10082 9982 9981
12001 11878 11965
11514 11469 11372
12454 12579 12655
11068 11201 11202
13032 13155 13156
11758 11719 11718
11963 12088 11964
12085 12086 11961
12090 12239 12142
11196 11324 11197
13030 13152 13153
13031 13154 13155
13155 13154 13233
13031 12961 12960
16446 16580 16819
11325 11241 11197
20548 20549 20136
19290 19177 19176
19926 19586 19799
18611 18989 18895
19802 19929 19803
18186 18333 18334
24320 23934 24165
18897 19167 18898
18344 18437 18205
19273 18979 19148
18716 18876 18877
20108 20430 19916
18977 19272 19148
20428 20241 20427
18978 18977 19148
19772 19771 20104
19272 19445 19148
20431 19917 20109
19793 20125 20126
18598 18597 18880
18726 18896 18612
21233 21064 21349
22953 22952 23119
19777 19778 19447
18989 19164 19165
22083 22304 22305
22074 21800 21877
21549 21243 21242
19472 19473 19288
19287 19172 18901
19289 19175 19174
19178 18905 18904
20139 20459 20140
20460 20461 20141
21561 21260 21560
19949 19818 19599
19486 19600 19487
21360 21359 21570
21879 21878 22086
20557 20556 20723
19816 19948 19817
21259 21079 20795
20142 19937 19809
20999 21358 21266
19945 19946 19814
20151 20262 20152
22987 23024 22988
19932 20138 19933
21882 22095 22096
22093 22318 22167
22168 22095 22319
22310 22570 22311
19474 19589 19475
22309 22161 22160
20793 20989 21074
23421 23385 23193
19791 19584 19790
22549 22302 22301
21878 22161 22086
23527 23757 23758
22548 22549 22301
22063 22158 22301
21533 21639 21796
21534 21533 21796
20130 19800 19926
19803 19930 19931
20982 21068 20983
19162 18985 19281
18714 18417 18595
18972 18868 18710
19568 19756 19905
19576 19433 19432
19770 20426 19771
18973 18869 19143
19441 19771 19442
20103 19769 19768
21222 21223 20953
20106 20699 20107
21227 21226 21526
19771 19441 19770
23746 23745 23825
19913 20102 19768
24141 23743 24140
20959 21228 20699
26228 26229 26010
22947 23111 23112
20949 20950 20692
20422 20951 20952
20422 20952 20423
21788 21225 21524
22523 22722 22723
24532 24299 24753
23103 23104 22935
23097 23015 22931
22045 21779 21778
24130 24535 24301
23716 23717 23490
24750 24528 25008
22036 22522 22523
23325 23412 23174
23499 23725 23500
23101 22933 23100
22524 22724 22933
23103 23102 23176
23112 23182 23342
19749 19565 19564
20094 20095 19906
19574 19761 19431
20093 19904 20092
18857 18699 18963
18967 18861 18966
18583 18858 18859
20414 20084 20681
16568 16915 16760
18570 18405 18569
17249 17307 17418
16567 16568 16370
17097 17251 17252
16976 17096 16977
17421 17309 17420
17637 17570 17569
18325 18587 18588
17467 17420 17466
17756 17822 17930
18864 18863 18968
19431 19260 19430
15201 15068 15268
17824 17764 17938
16923 16980 17100
17763 17575 17429
16247 16184 16183
17931 17757 17756
16771 16381 16380
16920 16818 16817
15269 15389 15270
15805 15597 15804
15391 15392 15274
15807 15806 16008
15673 15811 15812
13359 13715 13716
15269 15204 15072
13773 13947 13882
14072 13711 14071
15802 15596 15383
12569 12225 12568
14831 15002 15003
14826 14635 14825
16001 15798 15593
16249 16186 16248
16001 16063 16002
16377 16378 16249
15389 15269 15388
13701 13702 13581
13699 13343 13698
14825 14634 14633
15067 15000 14999
13706 13879 14066
13582 13520 13519
13944 14065 13878
13344 13422 13345
13939 13940 13872
13770 13875 13876
17745 17410 17409
15193 15067 15192
15382 15381 15589
13938 14058 14059
15997 16062 16178
17242 17301 17243
17093 17092 17248
16061 15995 16060
16178 16245 16369
15586 15587 15460
16177 16062 15996
14231 14307 14232
14621 14622 14515
16061 16177 15996
15795 15794 15874
15583 15582 15665
15665 15780 15781
15860 15980 15981
18406 18571 18407
16551 16744 16552
15665 15778 15779
15982 16047 16048
14986 14987 14875
14506 14617 14507
14220 14120 14119
14615 14698 14699
14615 14699 14616
13866 13768 13691
14509 14618 14510
13342 13698 13343
14220 14121 14120
13937 13867 13936
14048 13861 14047
14817 14700 14816
13861 13862 13687
12644 12546 12752
14044 13934 13933
13328 13219 13218
13688 13576 13687
13420 13510 13511
13502 13571 13503
13854 13762 13761
13326 13327 13130
14410 14496 14607
14493 14405 14492
13327 13218 13131
13498 13567 13499
12629 12733 12734
13853 13760 13678
13849 13850 13756
13759 13677 13676
15956 15848 15847
13925 13924 14038
14797 14972 14973
15169 15450 15451
14491 14600 14601
15962 15856 15855
15171 15256 15367
15570 15571 15453
17053 17054 16724
15961 15854 15960
16885 16722 16884
15770 15769 15967
16884 16883 17051
16155 16156 15974
17215 17052 17051
16806 16734 16733
15579 15977 15978
14601 14600 14805
16348 16236 16347
16628 16629 16542
14412 14413 14298
14211 14112 14111
16959 17062 16960
15174 15577 15578
16350 16349 16548
16962 16896 16961
17727 17728 17550
18302 18301 18403
17399 17232 17555
18556 18839 18688
21625 21753 21488
18083 18548 18084
20914 21186 20915
20653 20387 20652
20052 20385 20386
16535 16339 16338
16894 16893 16958
17054 17055 16725
15567 15450 15566
18550 18291 18549
17386 17456 17387
19710 19711 19399
17626 17725 17726
17392 17730 17551
17391 17221 1722